    2.8013675654E-03    2.0133469752E-04    1.8619546780E-07    7.0013875872E-05   -2.0344039959E-06
    5.6035558900E-03    7.4579487294E-04    1.2469093890E-06    2.2560556198E-04   -1.0709105573E-05
    8.4073859734E-03    1.6175751353E-03    4.3794519189E-06    4.2496381904E-04   -3.1106024327E-05
    1.1213679296E-02    2.7835130093E-03    1.0785331496E-05    6.4139107206E-04   -6.7383691270E-05
    1.4023258061E-02    4.1898683845E-03    2.1632800537E-05    8.5857240038E-04   -1.2236588772E-04
    1.6836945433E-02    5.7530550996E-03    3.7829379636E-05    1.0660015695E-03   -1.9662114446E-04
    1.9655565779E-02    7.3525260629E-03    5.9157404796E-05    1.2603521518E-03   -2.8523598010E-04
    2.2479944916E-02    8.9005947526E-03    8.5546476671E-05    1.4404622916E-03   -3.8404506303E-04
    2.5310910343E-02    1.0326718950E-02    1.1678835397E-04    1.6066381763E-03   -4.8858425532E-04
    2.8149291492E-02    1.1579547623E-02    1.5285668564E-04    1.7599034320E-03   -5.9486235344E-04
    3.0995919965E-02    1.2613274171E-02    1.9368000796E-04    1.9004444268E-03   -6.9875849391E-04
    3.3851629785E-02    1.3442968682E-02    2.3851536370E-04    2.0306788901E-03   -7.9781187815E-04
    3.6717257629E-02    1.4077519859E-02    2.8685875581E-04    2.1513733365E-03   -8.9027324575E-04
    3.9593643086E-02    1.4533609861E-02    3.3833426649E-04    2.2632636873E-03   -9.7523038434E-04
    4.2481628894E-02    1.4832061604E-02    3.9262584738E-04    2.3669624638E-03   -1.0523885167E-03
    4.5382061189E-02    1.4993227697E-02    4.4915069307E-04    2.4626545529E-03   -1.1214326566E-03
    4.8295789756E-02    1.5031204624E-02    5.0790723279E-04    2.5502862405E-03   -1.1823351613E-03
    5.1223668273E-02    1.4977912532E-02    5.6794057231E-04    2.6306678478E-03   -1.2359720378E-03
    5.4166554566E-02    1.4851022254E-02    6.2903657425E-04    2.7042458241E-03   -1.2831019511E-03
    5.7125310857E-02    1.4665615698E-02    6.9069776063E-04    2.7712609160E-03   -1.3241853917E-03
    6.0100804016E-02    1.4434656380E-02    7.5258777390E-04    2.8320538981E-03   -1.3598299599E-03
    6.3093905821E-02    1.4169132883E-02    8.1439994965E-04    2.8869624248E-03   -1.3906224355E-03
    6.6105493205E-02    1.3877899656E-02    8.7572055745E-04    2.9362497981E-03   -1.4169656349E-03
    6.9136448519E-02    1.3568763988E-02    9.3640323591E-04    2.9803338235E-03   -1.4394900373E-03
    7.2187659787E-02    1.3247331752E-02    9.9598100659E-04    3.0193779718E-03   -1.4583815976E-03
    7.5260020970E-02    1.2918936668E-02    1.0543659924E-03    3.0536388334E-03   -1.4741403603E-03
    7.8354432224E-02    1.2587852246E-02    1.1112028819E-03    3.0835990890E-03   -1.4870815907E-03
    8.1471800164E-02    1.2257653205E-02    1.1665099561E-03    3.1097092415E-03   -1.4977031523E-03
    8.4613038135E-02    1.1930480312E-02    1.2199870607E-03    3.1322276650E-03   -1.5061086342E-03
    8.7779066472E-02    1.1608635099E-02    1.2716466847E-03    3.1516129209E-03   -1.5126689331E-03
    9.0970812774E-02    1.1293439702E-02    1.3212859703E-03    3.1681738237E-03   -1.5174951037E-03
    9.4189212176E-02    1.0986234907E-02    1.3689251236E-03    3.1822827533E-03   -1.5208579280E-03
    9.7435207622E-02    1.0687659561E-02    1.4144360049E-03    3.1941370039E-03   -1.5228416915E-03
    1.0070975014E-01    1.0398390451E-02    1.4578480569E-03    3.2039561495E-03   -1.5236394528E-03
    1.0401379912E-01    1.0118592763E-02    1.4990872820E-03    3.2118425153E-03   -1.5233206908E-03
    1.0734832260E-01    9.8484762515E-03    1.5381961638E-03    3.2179493276E-03   -1.5220394083E-03
    1.1071429755E-01    9.5878995559E-03    1.5751326142E-03    3.2223637445E-03   -1.5198642839E-03
    1.1411271015E-01    9.3368971041E-03    1.6099482354E-03    3.2252013703E-03   -1.5169308830E-03
    1.1754455608E-01    9.0952180700E-03    1.6426278990E-03    3.2265177949E-03   -1.5133073526E-03
    1.2101084083E-01    8.8628595149E-03    1.6732677513E-03    3.2263970803E-03   -1.5091248383E-03
    1.2451257995E-01    8.6395415587E-03    1.7018448590E-03    3.2248343739E-03   -1.5044009918E-03
    1.2805079942E-01    8.4252887704E-03    1.7284912328E-03    3.2219323105E-03   -1.4992461524E-03
    1.3162653587E-01    8.2197293614E-03    1.7531734612E-03    3.2177034712E-03   -1.4936327234E-03
    1.3524083695E-01    8.0228639432E-03    1.7760543923E-03    3.2123084556E-03   -1.4876620329E-03
    1.3889476159E-01    7.8344598176E-03    1.7970070528E-03    3.2057286236E-03   -1.4812621742E-03
    1.4258938033E-01    7.6544970842E-03    1.8161943535E-03    3.1981418584E-03   -1.4745407321E-03
    1.4632577565E-01    7.4820793967E-03    1.8336614620E-03    3.1896007287E-03   -1.4674793191E-03
    1.5010504226E-01    7.3171494214E-03    1.8495474919E-03    3.1802011754E-03   -1.4601620759E-03
    1.5392828741E-01    7.1593386400E-03    1.8638477789E-03    3.1699485438E-03   -1.4525711842E-03
    1.5779663128E-01    7.0084394740E-03    1.8766477118E-03    3.1589711780E-03   -1.4447382693E-03
    1.6171120721E-01    6.8641289012E-03    1.8879653325E-03    3.1474180124E-03   -1.4366502445E-03
    1.6567316214E-01    6.7259474877E-03    1.8978497087E-03    3.1354789006E-03   -1.4283015154E-03
    1.6968365684E-01    6.5935102292E-03    1.9063733359E-03    3.1233232380E-03   -1.4197088002E-03
    1.7374386635E-01    6.4663178412E-03    1.9135384788E-03    3.1109863418E-03   -1.4108552686E-03
    1.7785498022E-01    6.3441653710E-03    1.9194450913E-03    3.0984954611E-03   -1.4017977208E-03
    1.8201820298E-01    6.2274603959E-03    1.9238593747E-03    3.0856614203E-03   -1.3924963577E-03
    1.8623475437E-01    6.1153400925E-03    1.9270989130E-03    3.0724461048E-03   -1.3830485133E-03
    1.9050586978E-01    6.0072996909E-03    1.9291951296E-03    3.0586796552E-03   -1.3734520622E-03
    1.9483280058E-01    5.9030251717E-03    1.9302450490E-03    3.0442337493E-03   -1.3637428200E-03
    1.9921681451E-01    5.8021822339E-03    1.9303152468E-03    3.0289813626E-03   -1.3539304034E-03
    2.0365919602E-01    5.7045114621E-03    1.9294598927E-03    3.0128582853E-03   -1.3440102875E-03
    2.0816124665E-01    5.6100078468E-03    1.9277544889E-03    2.9959290635E-03   -1.3339925943E-03
    2.1272428544E-01    5.5190368437E-03    1.9250957482E-03    2.9782465882E-03   -1.3238276251E-03
    2.1734964929E-01    5.4314392362E-03    1.9216477963E-03    2.9600775611E-03   -1.3135461680E-03
    2.2203869337E-01    5.3468668769E-03    1.9174489902E-03    2.9414498686E-03   -1.3031390073E-03
    2.2679279149E-01    5.2652807603E-03    1.9125394318E-03    2.9223768229E-03   -1.2926397169E-03
    2.3161333655E-01    5.1865885240E-03    1.9069232464E-03    2.9028388876E-03   -1.2820686931E-03
    2.3650174087E-01    5.1105456017E-03    1.9006094329E-03    2.8828208822E-03   -1.2714371955E-03
    2.4145943670E-01    5.0373297291E-03    1.8935867213E-03    2.8623109638E-03   -1.2607852940E-03
    2.4648787657E-01    4.9665704756E-03    1.8858634328E-03    2.8413825125E-03   -1.2501054997E-03
    2.5158853373E-01    4.8977337574E-03    1.8775860050E-03    2.8202882597E-03   -1.2394135553E-03
    2.5676290261E-01    4.8304966252E-03    1.8687558720E-03    2.7991235315E-03   -1.2286803042E-03
    2.6201249920E-01    4.7645081652E-03    1.8594053936E-03    2.7779547380E-03   -1.2178824613E-03
    2.6733886158E-01    4.6995496524E-03    1.8495653863E-03    2.7567988131E-03   -1.2070021066E-03
    2.7274355028E-01    4.6356858984E-03    1.8390951695E-03    2.7355194089E-03   -1.1959701365E-03
    2.7822814880E-01    4.5726680013E-03    1.8281212386E-03    2.7139913875E-03   -1.1848131906E-03
    2.8379426404E-01    4.5103324683E-03    1.8166397567E-03    2.6920608050E-03   -1.1735357547E-03
    2.8944352680E-01    4.4485728566E-03    1.8046739029E-03    2.6696680633E-03   -1.1621496828E-03
    2.9517759222E-01    4.3873476840E-03    1.7922466914E-03    2.6468155766E-03   -1.1506658071E-03
    3.0099814030E-01    4.3268144295E-03    1.7792648483E-03    2.6235230948E-03   -1.1390523724E-03
    3.0690687637E-01    4.2671274228E-03    1.7657970100E-03    2.5998849647E-03   -1.1273322109E-03
    3.1290553161E-01    4.2081902530E-03    1.7518776348E-03    2.5758192380E-03   -1.1155025255E-03
    3.1899586353E-01    4.1500180389E-03    1.7375286748E-03    2.5512422936E-03   -1.1035633602E-03
    3.2517965651E-01    4.0926197072E-03    1.7227787984E-03    2.5260607336E-03   -1.0915150709E-03
    3.3145872232E-01    4.0362362654E-03    1.7075833494E-03    2.4999157278E-03   -1.0793381677E-03
    3.3783490061E-01    3.9807848880E-03    1.6920535781E-03    2.4728313154E-03   -1.0670954520E-03
    3.4431005952E-01    3.9259612312E-03    1.6762125152E-03    2.4450056390E-03   -1.0547929121E-03
    3.5088609618E-01    3.8715413578E-03    1.6600593479E-03    2.4165659331E-03   -1.0424191544E-03
    3.5756493727E-01    3.8172513352E-03    1.6435912193E-03    2.3876464883E-03   -1.0299495337E-03
    3.6434853958E-01    3.7627568461E-03    1.6266722663E-03    2.3581603223E-03   -1.0172984918E-03
    3.7123889061E-01    3.7081372645E-03    1.6093842023E-03    2.3282638867E-03   -1.0044729313E-03
    3.7823800913E-01    3.6535708822E-03    1.5917198909E-03    2.2980204473E-03   -9.9146899440E-04
    3.8534794579E-01    3.5992954553E-03    1.5736764763E-03    2.2675272081E-03   -9.7830205766E-04
    3.9257078368E-01    3.5459179596E-03    1.5552209052E-03    2.2370029809E-03   -9.6503114460E-04
    3.9990863899E-01    3.4937994299E-03    1.5363374631E-03    2.2063833122E-03   -9.5170277412E-04
    4.0736366161E-01    3.4424958070E-03    1.5171229933E-03    2.1752541818E-03   -9.3830326197E-04
    4.1493803575E-01    3.3917395677E-03    1.4976182664E-03    2.1434842223E-03   -9.2481448761E-04
    4.2263398057E-01    3.3412070352E-03    1.4778654794E-03    2.1110101819E-03   -9.1121270332E-04
    4.3045375089E-01    3.2907083614E-03    1.4578991771E-03    2.0781867360E-03   -8.9741822642E-04
    4.3839963778E-01    3.2400169516E-03    1.4376998239E-03    2.0450433619E-03   -8.8336849343E-04
    4.4647396927E-01    3.1889096899E-03    1.4172502610E-03    2.0115449972E-03   -8.6903471831E-04
    4.5467911101E-01    3.1372087103E-03    1.3965386939E-03    1.9776827016E-03   -8.5440852646E-04
    4.6301746699E-01    3.0846087756E-03    1.3755439670E-03    1.9434880774E-03   -8.3951563095E-04
    4.7149148022E-01    3.0309608497E-03    1.3543336416E-03    1.9090046074E-03   -8.2445961276E-04
    4.8010363348E-01    2.9760808874E-03    1.3329061772E-03    1.8742934700E-03   -8.0918806485E-04
    4.8885644998E-01    2.9199892014E-03    1.3112201307E-03    1.8393034347E-03   -7.9366343882E-04
    4.9775249417E-01    2.8628655754E-03    1.2891755500E-03    1.8038761520E-03   -7.7782672674E-04
    5.0679437247E-01    2.8057325768E-03    1.2664857538E-03    1.7671968994E-03   -7.6158300211E-04
    5.1598473401E-01    2.7490799868E-03    1.2431426023E-03    1.7294614773E-03   -7.4496532989E-04
    5.2532627143E-01    2.6928587349E-03    1.2191374305E-03    1.6906937616E-03   -7.2800630930E-04
    5.3482172165E-01    2.6369160839E-03    1.1944691433E-03    1.6509320514E-03   -7.1074722484E-04
    5.4447386672E-01    2.5798728601E-03    1.1691759526E-03    1.6098749983E-03   -6.9317150002E-04
    5.5428553456E-01    2.5211190060E-03    1.1435044204E-03    1.5681390889E-03   -6.7533974052E-04
    5.6425959985E-01    2.4607844446E-03    1.1174698463E-03    1.5260960593E-03   -6.5731252897E-04
    5.7439898483E-01    2.3989657282E-03    1.0910893374E-03    1.4840795985E-03   -6.3913898858E-04
    5.8470666021E-01    2.3349761432E-03    1.0643680046E-03    1.4427364702E-03   -6.2078520290E-04
    5.9518564597E-01    2.2686395140E-03    1.0374621351E-03    1.4014770002E-03   -6.0206803172E-04
    6.0583901230E-01    2.2003194131E-03    1.0103789034E-03    1.3600416800E-03   -5.8297630036E-04
    6.1666988049E-01    2.1302327516E-03    9.8310889965E-04    1.3182989967E-03   -5.6350260892E-04
    6.2768142381E-01    2.0589645416E-03    9.5554488174E-04    1.2762790877E-03   -5.4367523097E-04
    6.3887686848E-01    1.9876849267E-03    9.2769560410E-04    1.2334480262E-03   -5.2361059289E-04
    6.5025949461E-01    1.9165264585E-03    8.9961883982E-04    1.1896389931E-03   -5.0340225579E-04
    6.6183263713E-01    1.8455928597E-03    8.7133401242E-04    1.1448209052E-03   -4.8309796410E-04
    6.7359968680E-01    1.7750180281E-03    8.4285922256E-04    1.0992571742E-03   -4.6277008523E-04
    6.8556409120E-01    1.7050185731E-03    8.1430715128E-04    1.0529485577E-03   -4.4248542318E-04
    6.9772935572E-01    1.6352902246E-03    7.8565815283E-04    1.0058234755E-03   -4.2221897465E-04
    7.1009904460E-01    1.5655896823E-03    7.5691800607E-04    9.5787376214E-04   -4.0197490817E-04
    7.2267678197E-01    1.4952969588E-03    7.2812787538E-04    9.0925928439E-04   -3.8180872647E-04
    7.3546625293E-01    1.4242248241E-03    6.9932933708E-04    8.6041511057E-04   -3.6173337428E-04
    7.4847120460E-01    1.3528120513E-03    6.7060045276E-04    8.1174310842E-04   -3.4179571036E-04
    7.6169544724E-01    1.2812294012E-03    6.4198071556E-04    7.6351968328E-04   -3.2205279788E-04
    7.7514285535E-01    1.2096495351E-03    6.1354329509E-04    7.1621318631E-04   -3.0264271251E-04
    7.8881736884E-01    1.1382460682E-03    5.8524057670E-04    6.6934408753E-04   -2.8348013473E-04
    8.0272299412E-01    1.0673236599E-03    5.5694338361E-04    6.2277259633E-04   -2.6452541115E-04
    8.1686380534E-01    9.9713095912E-04    5.2866582102E-04    5.7654613348E-04   -2.4580650598E-04
    8.3124394555E-01    9.2817270777E-04    5.0055911373E-04    5.3087229181E-04   -2.2741177631E-04
    8.4586762792E-01    8.6031787889E-04    4.7268690646E-04    4.8712074784E-04   -2.0954394844E-04
    8.6073913696E-01    7.9261311781E-04    4.4498765221E-04    4.4525340633E-04   -1.9214440498E-04
    8.7586282981E-01    7.2493751024E-04    4.1750420488E-04    4.0542771742E-04   -1.7522441139E-04
    8.9124313749E-01    6.5734819867E-04    3.9044176671E-04    3.6811942367E-04   -1.5880770842E-04
    9.0688456620E-01    5.9157813633E-04    3.6403040368E-04    3.3299027492E-04   -1.4298977108E-04
    9.2279169865E-01    5.2798639693E-04    3.3810899077E-04    2.9967002538E-04   -1.2776268204E-04
    9.3896919539E-01    4.6697801707E-04    3.1269819536E-04    2.6813680400E-04   -1.1319426740E-04
    9.5542179619E-01    4.0969145191E-04    2.8803390415E-04    2.3860601914E-04   -9.9521936708E-05
    9.7215432141E-01    3.5638709747E-04    2.6427337308E-04    2.1100939572E-04   -8.6754651006E-05
    9.8917167344E-01    3.0672430027E-04    2.4129163153E-04    1.8505821081E-04   -7.4797563599E-05
    1.0064788381E+00    2.6102342355E-04    2.1912154652E-04    1.6083046999E-04   -6.3705333282E-05
    1.0240808862E+00    2.2169001750E-04    1.9814874201E-04    1.3947044679E-04   -5.3970002366E-05
    1.0419829747E+00    1.8695522305E-04    1.7816784049E-04    1.2026723160E-04   -4.5244769475E-05
    1.0601903489E+00    1.5625971722E-04    1.5906650229E-04    1.0277243465E-04   -3.7390591899E-05
    1.0787083431E+00    1.3026340175E-04    1.4105789316E-04    8.7074103283E-05   -3.0536848848E-05
    1.0975423828E+00    1.0954678732E-04    1.2472990856E-04    7.3198138401E-05   -2.4955636508E-05
    1.1166979862E+00    9.1581192858E-05    1.0942307576E-04    6.0682220190E-05   -2.0087210405E-05
    1.1361807656E+00    7.6164255458E-05    9.5142088400E-05    4.9565424936E-05   -1.5895274484E-05
    1.1559964291E+00    6.4035904671E-05    8.2717295301E-05    4.0740387509E-05   -1.2595378056E-05
    1.1761507824E+00    5.3577192397E-05    7.1436897865E-05    3.3201126291E-05   -9.7950585101E-06
    1.1966497304E+00    4.4497913238E-05    6.1160236669E-05    2.6736853619E-05   -7.4157309119E-06
    1.2174992791E+00    3.7242952010E-05    5.2530105390E-05    2.1747847015E-05   -5.6252390077E-06
    1.2387055371E+00    3.1196495224E-05    4.5005125820E-05    1.7692911741E-05   -4.1504765578E-06
    1.2602747174E+00    2.6007540253E-05    3.8243168230E-05    1.4260897332E-05   -2.9022215634E-06
    1.2822131395E+00    2.2131170047E-05    3.2618292965E-05    1.1640550476E-05   -2.0057659320E-06
    1.3045272310E+00    1.9086626266E-05    2.7827425181E-05    9.4417247955E-06   -1.3732371635E-06
    1.3272235297E+00    1.6531975138E-05    2.3578629888E-05    7.5289613394E-06   -9.0228286180E-07
    1.3503086853E+00    1.4519423711E-05    2.0201822650E-05    6.1255421933E-06   -6.2325091801E-07
    1.3737894612E+00    1.2764598789E-05    1.7315802270E-05    5.0059067152E-06   -4.3135545692E-07
    1.3976727371E+00    1.1190879526E-05    1.4783434535E-05    4.0849178312E-06   -3.0038173281E-07
    1.4219655104E+00    9.8941726657E-06    1.2861512532E-05    3.4309166402E-06   -2.3917512659E-07
    1.4466748986E+00    8.7381552102E-06    1.1175702144E-05    2.8689462138E-06   -1.9278329776E-07
    1.4718081410E+00    7.7322002584E-06    9.7439099092E-06    2.4057497730E-06   -1.6172745488E-07
    1.4973726014E+00    6.9439630138E-06    8.6330410653E-06    2.0666701140E-06   -1.4534564839E-07
    1.5233757698E+00    6.2261926782E-06    7.6267901889E-06    1.7654681929E-06   -1.3286405077E-07
    1.5498252647E+00    5.6263068555E-06    6.7939133881E-06    1.5239256860E-06   -1.2582276570E-07
    1.5767288354E+00    5.1062030566E-06    6.0851830387E-06    1.3258657215E-06   -1.2120326579E-07
    1.6040943643E+00    4.6247347024E-06    5.4359879657E-06    1.1486557615E-06   -1.1754234078E-07
    1.6319298691E+00    4.2348122136E-06    4.9137464476E-06    1.0114973489E-06   -1.1283818401E-07
    1.6602435051E+00    3.8730165168E-06    4.4357695276E-06    8.8798307751E-07   -1.0857433435E-07
    1.6890435679E+00    3.5459183745E-06    4.0123696329E-06    7.8121659311E-07   -1.0483603573E-07
    1.7183384954E+00    3.2694070025E-06    3.6534491705E-06    6.9383144051E-07   -1.0085627257E-07
    1.7481368707E+00    3.0065524323E-06    3.3140028343E-06    6.1284294713E-07   -9.6847997950E-08
    1.7784474241E+00    2.7736123499E-06    3.0230489153E-06    5.4689554905E-07   -9.3761031244E-08
    1.8092790362E+00    2.5509823046E-06    2.7461147625E-06    4.8595054728E-07   -9.0061143528E-08
    1.8406407403E+00    2.3335157314E-06    2.4781266773E-06    4.2939754011E-07   -8.5348954124E-08
    1.8725417249E+00    2.1085790112E-06    2.2135150661E-06    3.7732164223E-07   -8.0288026058E-08
    1.9049913364E+00    1.8481266341E-06    1.9169343345E-06    3.2157466915E-07   -7.3509853475E-08
    1.9379990822E+00    1.5537265943E-06    1.5910230791E-06    2.6379640090E-07   -6.3839249313E-08
    1.9715746330E+00    1.2055657274E-06    1.2187262851E-06    2.0015972882E-07   -5.1349403368E-08
    2.0057278259E+00    8.4094192156E-07    8.4048871445E-07    1.3749317955E-07   -3.7304404597E-08
    2.0404686673E+00    5.2160563119E-07    5.1491621932E-07    8.4102665074E-08   -2.3929561040E-08
    2.0758073358E+00    2.8985063033E-07    2.8228026411E-07    4.6121532225E-08   -1.3703171926E-08
    2.1117541851E+00    1.4854544242E-07    1.4317844706E-07    2.3602099411E-08   -7.2861862246E-09
    2.1483197471E+00    7.1846968653E-08    6.8499337428E-08    1.1415946511E-08   -3.6576483639E-09
    2.1855147349E+00    3.3685623927E-08    3.1767918623E-08    5.3629924812E-09   -1.7621818699E-09
    2.2233500456E+00    1.5392788249E-08    1.4370435426E-08    2.4688597737E-09   -8.2862733068E-10
    2.2618367554E+00    6.9068951901E-09    6.3940059669E-09    1.1245882825E-09   -3.8324471957E-10
    2.3009860409E+00    3.0651693019E-09    2.8142052653E-09    1.0000000000E-09   -1.7517226045E-10
    2.3408086345E+00    1.3430213443E-09    1.2226961697E-09    1.0000000000E-09   -7.9043017599E-11
    2.3813123202E+00    1.0000000000E-09    1.0000000000E-09    1.0000000000E-09   -3.4902545169E-11
    2.4224940251E+00    1.0000000000E-09    1.0000000000E-09    1.0000000000E-09   -1.5222020430E-11
    2.4643232264E+00    1.0000000000E-09    1.0000000000E-09    1.0000000000E-09   -6.6625297236E-12
    2.5067217398E+00    1.0000000000E-09    1.0000000000E-09    1.0000000000E-09   -2.8510183873E-12
    2.5495589237E+00    1.0000000000E-09    1.0000000000E-09    1.0000000000E-09   -1.1816789328E-12
    2.5926789057E+00    1.0000000000E-09    1.0000000000E-09    1.0000000000E-09   -4.9638543625E-13
    2.6359460864E+00    1.0000000000E-09    1.0000000000E-09    1.0000000000E-09   -2.1184575665E-13
    2.6792736246E+00    1.0000000000E-09    1.0000000000E-09    1.0000000000E-09   -8.7425890621E-14
    2.7226203087E+00    1.0000000000E-09    1.0000000000E-09    1.0000000000E-09   -3.5382941448E-14
    2.7659716103E+00    1.0000000000E-09    1.0000000000E-09    1.0000000000E-09   -1.5043514596E-14
    2.8093237402E+00    1.0000000000E-09    1.0000000000E-09    1.0000000000E-09   -6.5200398449E-15
    2.8526759769E+00    1.0000000000E-09    1.0000000000E-09    1.0000000000E-09   -2.6609484955E-15
    2.8960282230E+00    1.0000000000E-09    1.0000000000E-09    1.0000000000E-09   -1.0593837536E-15
    2.9393804695E+00    1.0000000000E-09    1.0000000000E-09    1.0000000000E-09   -4.4135547269E-16
    2.9827327161E+00    1.0000000000E-09    1.0000000000E-09    1.0000000000E-09   -1.8806376393E-16
    3.0260849627E+00    1.0000000000E-09    1.0000000000E-09    1.0000000000E-09   -7.8562957753E-17
    3.0694372092E+00    1.0000000000E-09    1.0000000000E-09    1.0000000000E-09   -3.2341330099E-17
    3.1127894558E+00    1.0000000000E-09    1.0000000000E-09    1.0000000000E-09   -1.3320292474E-17
    3.1561417023E+00    1.0000000000E-09    1.0000000000E-09    1.0000000000E-09   -5.4853687463E-18
    3.1994939489E+00    1.0000000000E-09    1.0000000000E-09    1.0000000000E-09   -2.2562158473E-18
    3.2428461955E+00    1.0000000000E-09    1.0000000000E-09    1.0000000000E-09   -9.2702819881E-19
    3.2861984420E+00    1.0000000000E-09    1.0000000000E-09    1.0000000000E-09   -3.8092042608E-19
    3.3295506886E+00    1.0000000000E-09    1.0000000000E-09    1.0000000000E-09   -1.5668565620E-19
    3.3729029352E+00    1.0000000000E-09    1.0000000000E-09    1.0000000000E-09   -6.4420778985E-20
    3.4162551817E+00    1.0000000000E-09    1.0000000000E-09    1.0000000000E-09   -2.6409906945E-20
    3.4596074283E+00    1.0000000000E-09    1.0000000000E-09    1.0000000000E-09   -1.0816258965E-20
    3.5029596749E+00    1.0000000000E-09    1.0000000000E-09    1.0000000000E-09   -4.4344634567E-21
    3.5463119214E+00    1.0000000000E-09    1.0000000000E-09    1.0000000000E-09   -1.8208444587E-21
    3.5896641680E+00    1.0000000000E-09    1.0000000000E-09    1.0000000000E-09   -7.4771408439E-22
    3.6330164146E+00    1.0000000000E-09    1.0000000000E-09    1.0000000000E-09   -3.0520097624E-22
    3.6763686611E+00    1.0000000000E-09    1.0000000000E-09    1.0000000000E-09   -1.2555522360E-22
    3.7197209077E+00    1.0000000000E-09    1.0000000000E-09    1.0000000000E-09   -5.1231960072E-23
    3.7630731543E+00    1.0000000000E-09    1.0000000000E-09    1.0000000000E-09   -2.1392592137E-23
    3.8064254008E+00    1.0000000000E-09    1.0000000000E-09    1.0000000000E-09   -9.2571688698E-24
    3.8497776474E+00    1.0000000000E-09    1.0000000000E-09    1.0000000000E-09   -4.4987640386E-24
    3.8931298940E+00    1.0000000000E-09    1.0000000000E-09    1.0000000000E-09   -2.1831091221E-24
    3.9364821405E+00    1.0000000000E-09    1.0000000000E-09    1.0000000000E-09   -0.0000000000E+00
    3.9798343871E+00    1.0000000000E-09    1.0000000000E-09    1.0000000000E-09   -0.0000000000E+00
    4.0231866337E+00    1.0000000000E-09    1.0000000000E-09    1.0000000000E-09   -0.0000000000E+00
    4.0665388802E+00    1.0000000000E-09    1.0000000000E-09    1.0000000000E-09   -0.0000000000E+00
    4.1098911268E+00    1.0000000000E-09    1.0000000000E-09    1.0000000000E-09   -0.0000000000E+00
    4.1532433734E+00    1.0000000000E-09    1.0000000000E-09    1.0000000000E-09   -0.0000000000E+00
    4.1965956199E+00    1.0000000000E-09    1.0000000000E-09    1.0000000000E-09   -0.0000000000E+00
    4.2399478665E+00    1.0000000000E-09    1.0000000000E-09    1.0000000000E-09   -0.0000000000E+00
    4.2833001130E+00    1.0000000000E-09    1.0000000000E-09    1.0000000000E-09   -0.0000000000E+00
    4.3266523596E+00    1.0000000000E-09    1.0000000000E-09    1.0000000000E-09   -0.0000000000E+00
    4.3700046062E+00    1.0000000000E-09    1.0000000000E-09    1.0000000000E-09   -0.0000000000E+00
    4.4133568527E+00    1.0000000000E-09    1.0000000000E-09    1.0000000000E-09   -0.0000000000E+00
    4.4567090993E+00    1.0000000000E-09    1.0000000000E-09    1.0000000000E-09   -0.0000000000E+00
    4.5000613459E+00    1.0000000000E-09    1.0000000000E-09    1.0000000000E-09   -0.0000000000E+00
    4.5434135924E+00    1.0000000000E-09    1.0000000000E-09    1.0000000000E-09   -0.0000000000E+00
    4.5867658390E+00    1.0000000000E-09    1.0000000000E-09    1.0000000000E-09   -0.0000000000E+00
    4.6301180856E+00    1.0000000000E-09    1.0000000000E-09    1.0000000000E-09   -0.0000000000E+00
    4.6734703321E+00    1.0000000000E-09    1.0000000000E-09    1.0000000000E-09   -0.0000000000E+00
    4.7168225787E+00    1.0000000000E-09    1.0000000000E-09    1.0000000000E-09   -0.0000000000E+00
    4.7601748253E+00    1.0000000000E-09    1.0000000000E-09    1.0000000000E-09   -0.0000000000E+00
    4.8035270718E+00    1.0000000000E-09    1.0000000000E-09    1.0000000000E-09   -0.0000000000E+00
    4.8468793184E+00    1.0000000000E-09    1.0000000000E-09    1.0000000000E-09   -0.0000000000E+00
    4.8902315650E+00    1.0000000000E-09    1.0000000000E-09    1.0000000000E-09   -0.0000000000E+00
    4.9335838115E+00    1.0000000000E-09    1.0000000000E-09    1.0000000000E-09   -0.0000000000E+00
    4.9769360581E+00    1.0000000000E-09    1.0000000000E-09    1.0000000000E-09   -0.0000000000E+00
    5.0202883047E+00    1.0000000000E-09    1.0000000000E-09    1.0000000000E-09   -0.0000000000E+00
    5.0636405512E+00    1.0000000000E-09    1.0000000000E-09    1.0000000000E-09   -0.0000000000E+00
    5.1069927978E+00    1.0000000000E-09    1.0000000000E-09    1.0000000000E-09   -0.0000000000E+00
    5.1503450444E+00    1.0000000000E-09    1.0000000000E-09    1.0000000000E-09   -0.0000000000E+00
    5.1936972909E+00    1.0000000000E-09    1.0000000000E-09    1.0000000000E-09   -0.0000000000E+00
    5.2370495375E+00    1.0000000000E-09    1.0000000000E-09    1.0000000000E-09   -0.0000000000E+00
    5.2804017840E+00    1.0000000000E-09    1.0000000000E-09    1.0000000000E-09   -0.0000000000E+00
    5.3237540306E+00    1.0000000000E-09    1.0000000000E-09    1.0000000000E-09   -0.0000000000E+00
    5.3671062772E+00    1.0000000000E-09    1.0000000000E-09    1.0000000000E-09   -0.0000000000E+00
    5.4104585237E+00    1.0000000000E-09    1.0000000000E-09    1.0000000000E-09   -0.0000000000E+00
    5.4538107703E+00    1.0000000000E-09    1.0000000000E-09    1.0000000000E-09   -0.0000000000E+00
    5.4971630169E+00    1.0000000000E-09    1.0000000000E-09    1.0000000000E-09   -0.0000000000E+00
    5.5405152634E+00    1.0000000000E-09    1.0000000000E-09    1.0000000000E-09   -0.0000000000E+00
    5.5838675100E+00    1.0000000000E-09    1.0000000000E-09    1.0000000000E-09   -0.0000000000E+00
    5.6272197566E+00    1.0000000000E-09    1.0000000000E-09    1.0000000000E-09   -0.0000000000E+00
    5.6705720031E+00    1.0000000000E-09    1.0000000000E-09    1.0000000000E-09   -0.0000000000E+00
    5.7139242497E+00    1.0000000000E-09    1.0000000000E-09    1.0000000000E-09   -0.0000000000E+00
    5.7572764963E+00    1.0000000000E-09    1.0000000000E-09    1.0000000000E-09   -0.0000000000E+00
    5.8006287428E+00    1.0000000000E-09    1.0000000000E-09    1.0000000000E-09   -0.0000000000E+00
    5.8439809894E+00    1.0000000000E-09    1.0000000000E-09    1.0000000000E-09   -0.0000000000E+00
    5.8873332360E+00    1.0000000000E-09    1.0000000000E-09    1.0000000000E-09   -0.0000000000E+00
    5.9306854825E+00    1.0000000000E-09    1.0000000000E-09    1.0000000000E-09   -0.0000000000E+00
    5.9740377291E+00    1.0000000000E-09    1.0000000000E-09    1.0000000000E-09   -0.0000000000E+00
    6.0173899757E+00    1.0000000000E-09    1.0000000000E-09    1.0000000000E-09   -0.0000000000E+00
    6.0607422222E+00    1.0000000000E-09    1.0000000000E-09    1.0000000000E-09   -0.0000000000E+00
    6.1040944688E+00    1.0000000000E-09    1.0000000000E-09    1.0000000000E-09   -0.0000000000E+00
    6.1474467154E+00    1.0000000000E-09    1.0000000000E-09    1.0000000000E-09   -0.0000000000E+00
    6.1907989619E+00    1.0000000000E-09    1.0000000000E-09    1.0000000000E-09   -0.0000000000E+00
    6.2341512085E+00    1.0000000000E-09    1.0000000000E-09    1.0000000000E-09   -0.0000000000E+00
    6.2775034550E+00    1.0000000000E-09    1.0000000000E-09    1.0000000000E-09   -0.0000000000E+00
    6.3208557016E+00    1.0000000000E-09    1.0000000000E-09    1.0000000000E-09   -0.0000000000E+00
    6.3642079482E+00    1.0000000000E-09    1.0000000000E-09    1.0000000000E-09   -0.0000000000E+00
    6.4075601947E+00    1.0000000000E-09    1.0000000000E-09    1.0000000000E-09   -0.0000000000E+00
    6.4509124413E+00    1.0000000000E-09    1.0000000000E-09    1.0000000000E-09   -0.0000000000E+00
    6.4942646879E+00    1.0000000000E-09    1.0000000000E-09    1.0000000000E-09   -0.0000000000E+00
    6.5376169344E+00    1.0000000000E-09    1.0000000000E-09    1.0000000000E-09   -0.0000000000E+00
    6.5809691810E+00    1.0000000000E-09    1.0000000000E-09    1.0000000000E-09   -0.0000000000E+00
    6.6243214276E+00    1.0000000000E-09    1.0000000000E-09    1.0000000000E-09   -0.0000000000E+00
    6.6676736741E+00    1.0000000000E-09    1.0000000000E-09    1.0000000000E-09   -0.0000000000E+00
    6.7110259207E+00    1.0000000000E-09    1.0000000000E-09    1.0000000000E-09   -0.0000000000E+00
    6.7543781673E+00    1.0000000000E-09    1.0000000000E-09    1.0000000000E-09   -0.0000000000E+00
    6.7977304138E+00    1.0000000000E-09    1.0000000000E-09    1.0000000000E-09   -0.0000000000E+00
    6.8410826604E+00    1.0000000000E-09    1.0000000000E-09    1.0000000000E-09   -0.0000000000E+00
    6.8844349070E+00    1.0000000000E-09    1.0000000000E-09    1.0000000000E-09   -0.0000000000E+00
    6.9277871535E+00    1.0000000000E-09    1.0000000000E-09    1.0000000000E-09   -0.0000000000E+00
    6.9711394001E+00    1.0000000000E-09    1.0000000000E-09    1.0000000000E-09   -0.0000000000E+00
    7.0144916467E+00    1.0000000000E-09    1.0000000000E-09    1.0000000000E-09   -0.0000000000E+00
    7.0578438932E+00    1.0000000000E-09    1.0000000000E-09    1.0000000000E-09   -0.0000000000E+00
    7.1011961398E+00    1.0000000000E-09    1.0000000000E-09    1.0000000000E-09   -0.0000000000E+00
    7.1445483864E+00    1.0000000000E-09    1.0000000000E-09    1.0000000000E-09   -0.0000000000E+00
    7.1879006329E+00    1.0000000000E-09    1.0000000000E-09    1.0000000000E-09   -0.0000000000E+00
    7.2312528795E+00    1.0000000000E-09    1.0000000000E-09    1.0000000000E-09   -0.0000000000E+00
    7.2746051260E+00    1.0000000000E-09    1.0000000000E-09    1.0000000000E-09   -0.0000000000E+00
    7.3179573726E+00    1.0000000000E-09    1.0000000000E-09    1.0000000000E-09   -0.0000000000E+00
    7.3613096192E+00    1.0000000000E-09    1.0000000000E-09    1.0000000000E-09   -0.0000000000E+00
    7.4046618657E+00    1.0000000000E-09    1.0000000000E-09    1.0000000000E-09   -0.0000000000E+00
    7.4480141123E+00    1.0000000000E-09    1.0000000000E-09    1.0000000000E-09   -0.0000000000E+00
    7.4913663589E+00    1.0000000000E-09    1.0000000000E-09    1.0000000000E-09   -0.0000000000E+00
    7.5347186054E+00    1.0000000000E-09    1.0000000000E-09    1.0000000000E-09   -0.0000000000E+00
    7.5780708520E+00    1.0000000000E-09    1.0000000000E-09    1.0000000000E-09   -0.0000000000E+00
    7.6214230986E+00    1.0000000000E-09    1.0000000000E-09    1.0000000000E-09   -0.0000000000E+00
    7.6647753451E+00    1.0000000000E-09    1.0000000000E-09    1.0000000000E-09   -0.0000000000E+00
    7.7081275917E+00    1.0000000000E-09    1.0000000000E-09    1.0000000000E-09   -0.0000000000E+00
    7.7514798383E+00    1.0000000000E-09    1.0000000000E-09    1.0000000000E-09   -0.0000000000E+00
    7.7948320848E+00    1.0000000000E-09    1.0000000000E-09    1.0000000000E-09   -0.0000000000E+00
    7.8381843314E+00    1.0000000000E-09    1.0000000000E-09    1.0000000000E-09   -0.0000000000E+00
    7.8815365780E+00    1.0000000000E-09    1.0000000000E-09    1.0000000000E-09   -0.0000000000E+00
    7.9248888245E+00    1.0000000000E-09    1.0000000000E-09    1.0000000000E-09   -0.0000000000E+00
    7.9682410711E+00    1.0000000000E-09    1.0000000000E-09    1.0000000000E-09   -0.0000000000E+00
    8.0115933177E+00    1.0000000000E-09    1.0000000000E-09    1.0000000000E-09   -0.0000000000E+00
    8.0549455642E+00    1.0000000000E-09    1.0000000000E-09    1.0000000000E-09   -0.0000000000E+00
    8.0982978108E+00    1.0000000000E-09    1.0000000000E-09    1.0000000000E-09   -0.0000000000E+00
    8.1416500574E+00    1.0000000000E-09    1.0000000000E-09    1.0000000000E-09   -0.0000000000E+00
    8.1850023039E+00    1.0000000000E-09    1.0000000000E-09    1.0000000000E-09   -0.0000000000E+00
    8.2283545505E+00    1.0000000000E-09    1.0000000000E-09    1.0000000000E-09   -0.0000000000E+00
    8.2717067971E+00    1.0000000000E-09    1.0000000000E-09    1.0000000000E-09   -0.0000000000E+00
    8.3150590436E+00    1.0000000000E-09    1.0000000000E-09    1.0000000000E-09   -0.0000000000E+00
    8.3584112902E+00    1.0000000000E-09    1.0000000000E-09    1.0000000000E-09   -0.0000000000E+00
    8.4017635367E+00    1.0000000000E-09    1.0000000000E-09    1.0000000000E-09   -0.0000000000E+00
    8.4451157833E+00    1.0000000000E-09    1.0000000000E-09    1.0000000000E-09   -0.0000000000E+00
    8.4884680299E+00    1.0000000000E-09    1.0000000000E-09    1.0000000000E-09   -0.0000000000E+00
    8.5318202764E+00    1.0000000000E-09    1.0000000000E-09    1.0000000000E-09   -0.0000000000E+00
    8.5751725230E+00    1.0000000000E-09    1.0000000000E-09    1.0000000000E-09   -0.0000000000E+00
    8.6185247696E+00    1.0000000000E-09    1.0000000000E-09    1.0000000000E-09   -0.0000000000E+00
    8.6618770161E+00    1.0000000000E-09    1.0000000000E-09    1.0000000000E-09   -0.0000000000E+00
    8.7052292627E+00    1.0000000000E-09    1.0000000000E-09    1.0000000000E-09   -0.0000000000E+00
    8.7485815093E+00    1.0000000000E-09    1.0000000000E-09    1.0000000000E-09   -0.0000000000E+00
    8.7919337558E+00    1.0000000000E-09    1.0000000000E-09    1.0000000000E-09   -0.0000000000E+00
    8.8352860024E+00    1.0000000000E-09    1.0000000000E-09    1.0000000000E-09   -0.0000000000E+00
    8.8786382490E+00    1.0000000000E-09    1.0000000000E-09    1.0000000000E-09   -0.0000000000E+00
    8.9219904955E+00    1.0000000000E-09    1.0000000000E-09    1.0000000000E-09   -0.0000000000E+00
    8.9653427421E+00    1.0000000000E-09    1.0000000000E-09    1.0000000000E-09   -0.0000000000E+00
    9.0086949887E+00    1.0000000000E-09    1.0000000000E-09    1.0000000000E-09   -0.0000000000E+00
    9.0520472352E+00    1.0000000000E-09    1.0000000000E-09    1.0000000000E-09   -0.0000000000E+00
    9.0953994818E+00    1.0000000000E-09    1.0000000000E-09    1.0000000000E-09   -0.0000000000E+00
    9.1387517284E+00    1.0000000000E-09    1.0000000000E-09    1.0000000000E-09   -0.0000000000E+00
    9.1821039749E+00    1.0000000000E-09    1.0000000000E-09    1.0000000000E-09   -0.0000000000E+00
    9.2254562215E+00    1.0000000000E-09    1.0000000000E-09    1.0000000000E-09   -0.0000000000E+00
    9.2688084681E+00    1.0000000000E-09    1.0000000000E-09    1.0000000000E-09   -0.0000000000E+00
    9.3121607146E+00    1.0000000000E-09    1.0000000000E-09    1.0000000000E-09   -0.0000000000E+00
    9.3555129612E+00    1.0000000000E-09    1.0000000000E-09    1.0000000000E-09   -0.0000000000E+00
    9.3988652077E+00    1.0000000000E-09    1.0000000000E-09    1.0000000000E-09   -0.0000000000E+00
    9.4422174543E+00    1.0000000000E-09    1.0000000000E-09    1.0000000000E-09   -0.0000000000E+00
    9.4855697009E+00    1.0000000000E-09    1.0000000000E-09    1.0000000000E-09   -0.0000000000E+00
    9.5289219474E+00    1.0000000000E-09    1.0000000000E-09    1.0000000000E-09   -0.0000000000E+00
    9.5722741940E+00    1.0000000000E-09    1.0000000000E-09    1.0000000000E-09   -0.0000000000E+00
    9.6156264406E+00    1.0000000000E-09    1.0000000000E-09    1.0000000000E-09   -0.0000000000E+00
    9.6589786871E+00    1.0000000000E-09    1.0000000000E-09    1.0000000000E-09   -0.0000000000E+00
    9.7023309337E+00    1.0000000000E-09    1.0000000000E-09    1.0000000000E-09   -0.0000000000E+00
    9.7456831803E+00    1.0000000000E-09    1.0000000000E-09    1.0000000000E-09   -0.0000000000E+00
    9.7890354268E+00    1.0000000000E-09    1.0000000000E-09    1.0000000000E-09   -0.0000000000E+00
    9.8323876734E+00    1.0000000000E-09    1.0000000000E-09    1.0000000000E-09   -0.0000000000E+00
    9.8757399200E+00    1.0000000000E-09    1.0000000000E-09    1.0000000000E-09   -0.0000000000E+00
    9.9190921665E+00    1.0000000000E-09    1.0000000000E-09    1.0000000000E-09   -0.0000000000E+00
    9.9624444131E+00    1.0000000000E-09    1.0000000000E-09    1.0000000000E-09   -0.0000000000E+00
    1.0005796660E+01    1.0000000000E-09    1.0000000000E-09    1.0000000000E-09   -0.0000000000E+00
    1.0049148906E+01    1.0000000000E-09    1.0000000000E-09    1.0000000000E-09   -0.0000000000E+00
    1.0092501153E+01    1.0000000000E-09    1.0000000000E-09    1.0000000000E-09   -0.0000000000E+00
    1.0135853399E+01    1.0000000000E-09    1.0000000000E-09    1.0000000000E-09   -0.0000000000E+00
    1.0179205646E+01    1.0000000000E-09    1.0000000000E-09    1.0000000000E-09   -0.0000000000E+00
    1.0222557892E+01    1.0000000000E-09    1.0000000000E-09    1.0000000000E-09   -0.0000000000E+00
    1.0265910139E+01    1.0000000000E-09    1.0000000000E-09    1.0000000000E-09   -0.0000000000E+00
    1.0309262386E+01    1.0000000000E-09    1.0000000000E-09    1.0000000000E-09   -0.0000000000E+00
    1.0352614632E+01    1.0000000000E-09    1.0000000000E-09    1.0000000000E-09   -0.0000000000E+00
    1.0395966879E+01    1.0000000000E-09    1.0000000000E-09    1.0000000000E-09   -0.0000000000E+00
    1.0439319125E+01    1.0000000000E-09    1.0000000000E-09    1.0000000000E-09   -0.0000000000E+00
    1.0482671372E+01    1.0000000000E-09    1.0000000000E-09    1.0000000000E-09   -0.0000000000E+00
    1.0526023618E+01    1.0000000000E-09    1.0000000000E-09    1.0000000000E-09   -0.0000000000E+00
    1.0569375865E+01    1.0000000000E-09    1.0000000000E-09    1.0000000000E-09   -0.0000000000E+00
    1.0612728112E+01    1.0000000000E-09    1.0000000000E-09    1.0000000000E-09   -0.0000000000E+00
    1.0656080358E+01    1.0000000000E-09    1.0000000000E-09    1.0000000000E-09   -0.0000000000E+00
    1.0699432605E+01    1.0000000000E-09    1.0000000000E-09    1.0000000000E-09   -0.0000000000E+00
    1.0742784851E+01    1.0000000000E-09    1.0000000000E-09    1.0000000000E-09   -0.0000000000E+00
    1.0786137098E+01    1.0000000000E-09    1.0000000000E-09    1.0000000000E-09   -0.0000000000E+00
    1.0829489344E+01    1.0000000000E-09    1.0000000000E-09    1.0000000000E-09   -0.0000000000E+00
    1.0872841591E+01    1.0000000000E-09    1.0000000000E-09    1.0000000000E-09   -0.0000000000E+00
    1.0916193838E+01    1.0000000000E-09    1.0000000000E-09    1.0000000000E-09   -0.0000000000E+00
    1.0959546084E+01    1.0000000000E-09    1.0000000000E-09    1.0000000000E-09   -0.0000000000E+00
    1.1002898331E+01    1.0000000000E-09    1.0000000000E-09    1.0000000000E-09   -0.0000000000E+00
    1.1046250577E+01    1.0000000000E-09    1.0000000000E-09    1.0000000000E-09   -0.0000000000E+00
    1.1089602824E+01    1.0000000000E-09    1.0000000000E-09    1.0000000000E-09   -0.0000000000E+00
    1.1132955070E+01    1.0000000000E-09    1.0000000000E-09    1.0000000000E-09   -0.0000000000E+00
    1.1176307317E+01    1.0000000000E-09    1.0000000000E-09    1.0000000000E-09   -0.0000000000E+00
    1.1219659563E+01    1.0000000000E-09    1.0000000000E-09    1.0000000000E-09   -0.0000000000E+00
    1.1263011810E+01    1.0000000000E-09    1.0000000000E-09    1.0000000000E-09   -0.0000000000E+00
    1.1306364057E+01    1.0000000000E-09    1.0000000000E-09    1.0000000000E-09   -0.0000000000E+00
    1.1349716303E+01    1.0000000000E-09    1.0000000000E-09    1.0000000000E-09   -0.0000000000E+00
    1.1393068550E+01    1.0000000000E-09    1.0000000000E-09    1.0000000000E-09   -0.0000000000E+00
    1.1436420796E+01    1.0000000000E-09    1.0000000000E-09    1.0000000000E-09   -0.0000000000E+00
    1.1479773043E+01    1.0000000000E-09    1.0000000000E-09    1.0000000000E-09   -0.0000000000E+00
    1.1523125289E+01    1.0000000000E-09    1.0000000000E-09    1.0000000000E-09   -0.0000000000E+00
    1.1566477536E+01    1.0000000000E-09    1.0000000000E-09    1.0000000000E-09   -0.0000000000E+00
    1.1609829783E+01    1.0000000000E-09    1.0000000000E-09    1.0000000000E-09   -0.0000000000E+00
    1.1653182029E+01    1.0000000000E-09    1.0000000000E-09    1.0000000000E-09   -0.0000000000E+00
    1.1696534276E+01    1.0000000000E-09    1.0000000000E-09    1.0000000000E-09   -0.0000000000E+00
    1.1739886522E+01    1.0000000000E-09    1.0000000000E-09    1.0000000000E-09   -0.0000000000E+00
    1.1783238769E+01    1.0000000000E-09    1.0000000000E-09    1.0000000000E-09   -0.0000000000E+00
    1.1826591015E+01    1.0000000000E-09    1.0000000000E-09    1.0000000000E-09   -0.0000000000E+00
    1.1869943262E+01    1.0000000000E-09    1.0000000000E-09    1.0000000000E-09   -0.0000000000E+00
    1.1913295509E+01    1.0000000000E-09    1.0000000000E-09    1.0000000000E-09   -0.0000000000E+00
    1.1956647755E+01    1.0000000000E-09    1.0000000000E-09    1.0000000000E-09   -0.0000000000E+00
    1.2000000002E+01    1.0000000000E-09    1.0000000000E-09    1.0000000000E-09   -0.0000000000E+00
