  -6.9642857142857145E-002
  -4.6428571428571430E-002
  -2.3214285714285715E-002
   0.0000000000000000     
   2.3214285714285715E-002
   4.6428571428571430E-002
   6.9642857142857145E-002
   9.2857142857142860E-002
  0.11607142857142858     
  0.13928571428571429     
  0.16250000000000001     
  0.18571428571428572     
  0.20892857142857144     
  0.23214285714285715     
  0.25535714285714284     
  0.27857142857142858     
  0.30178571428571432     
  0.32500000000000001     
  0.34821428571428570     
  0.37142857142857144     
  0.39464285714285718     
  0.41785714285714287     
  0.44107142857142856     
  0.46428571428571430     
  0.48750000000000004     
  0.51071428571428568     
  0.53392857142857142     
  0.55714285714285716     
  0.58035714285714290     
  0.60357142857142865     
  0.62678571428571428     
  0.65000000000000002     
  0.67321428571428577     
  0.69642857142857140     
  0.71964285714285714     
  0.74285714285714288     
  0.76607142857142863     
  0.78928571428571437     
  0.81250000000000000     
  0.83571428571428574     
  0.85892857142857149     
  0.88214285714285712     
  0.90535714285714286     
  0.92857142857142860     
  0.95178571428571435     
  0.97500000000000009     
  0.99821428571428572     
   1.0214285714285714     
   1.0446428571428572     
   1.0678571428571428     
   1.0910714285714287     
   1.1142857142857143     
   1.1375000000000000     
   1.1607142857142858     
   1.1839285714285714     
   1.2071428571428573     
   1.2303571428571429     
   1.2535714285714286     
   1.2767857142857144     
   1.3000000000000000     
   1.3232142857142857     
   1.3464285714285715     
   1.3696428571428572     
   1.3928571428571428     
   1.4160714285714286     
   1.4392857142857143     
   1.4625000000000001     
   1.4857142857142858     
   1.5089285714285714     
   1.5321428571428573     
   1.5553571428571429     
   1.5785714285714287     
   1.6017857142857144     
   1.6250000000000000     
   1.6482142857142859     
   1.6714285714285715     
   1.6946428571428571     
   1.7178571428571430     
   1.7410714285714286     
   1.7642857142857142     
   1.7875000000000001     
   1.8107142857142857     
   1.8339285714285716     
   1.8571428571428572     
   1.8803571428571428     
   1.9035714285714287     
   1.9267857142857143     
   1.9500000000000002     
   1.9732142857142858     
   1.9964285714285714     
   2.0196428571428573     
   2.0428571428571427     
   2.0660714285714286     
   2.0892857142857144     
   2.1125000000000003     
   2.1357142857142857     
   2.1589285714285715     
   2.1821428571428574     
   2.2053571428571428     
   2.2285714285714286     
   2.2517857142857145     
   2.2749999999999999     
   2.2982142857142858     
   2.3214285714285716     
   2.3446428571428570     
   2.3678571428571429     
   2.3910714285714287     
   2.4142857142857146     
   2.4375000000000000     
   2.4607142857142859     
   2.4839285714285717     
   2.5071428571428571     
   2.5303571428571430     
   2.5535714285714288     
   2.5767857142857142     
   2.6000000000000001     
   2.6232142857142859     
   2.6464285714285714     
   2.6696428571428572     
   2.6928571428571431     
   2.7160714285714285     
   2.7392857142857143     
   2.7625000000000002     
   2.7857142857142856     
   2.8089285714285714     
   2.8321428571428573     
   2.8553571428571431     
   2.8785714285714286     
   2.9017857142857144     
   2.9250000000000003     
   2.9482142857142857     
   2.9714285714285715     
   2.9946428571428574     
   3.0178571428571428     
   3.0410714285714286     
   3.0642857142857145     
   3.0874999999999999     
   3.1107142857142858     
   3.1339285714285716     
   3.1571428571428575     
   3.1803571428571429     
   3.2035714285714287     
   3.2267857142857146     
   3.2500000000000000     
   3.2732142857142859     
   3.2964285714285717     
   3.3196428571428571     
   3.3428571428571430     
   3.3660714285714288     
   3.3892857142857142     
   3.4125000000000001     
   3.4357142857142859     
   3.4589285714285714     
   3.4821428571428572     
   3.5053571428571431     
   3.5285714285714285     
   3.5517857142857143     
   3.5750000000000002     
   3.5982142857142860     
   3.6214285714285714     
   3.6446428571428573     
   3.6678571428571431     
   3.6910714285714286     
   3.7142857142857144     
   3.7375000000000003     
   3.7607142857142857     
   3.7839285714285715     
   3.8071428571428574     
   3.8303571428571428     
   3.8535714285714286     
   3.8767857142857145     
   3.9000000000000004     
   3.9232142857142858     
   3.9464285714285716     
   3.9696428571428575     
   3.9928571428571429     
   4.0160714285714283     
   4.0392857142857146     
   4.0625000000000000     
   4.0857142857142854     
   4.1089285714285717     
   4.1321428571428571     
   4.1553571428571434     
   4.1785714285714288     
   4.2017857142857142     
   4.2250000000000005     
   4.2482142857142859     
   4.2714285714285714     
   4.2946428571428577     
   4.3178571428571431     
   4.3410714285714285     
   4.3642857142857148     
   4.3875000000000002     
   4.4107142857142856     
   4.4339285714285719     
   4.4571428571428573     
   4.4803571428571427     
   4.5035714285714290     
   4.5267857142857144     
   4.5499999999999998     
   4.5732142857142861     
   4.5964285714285715     
   4.6196428571428569     
   4.6428571428571432     
   4.6660714285714286     
   4.6892857142857141     
   4.7125000000000004     
   4.7357142857142858     
   4.7589285714285712     
   4.7821428571428575     
   4.8053571428571429     
   4.8285714285714292     
   4.8517857142857146     
   4.8750000000000000     
   4.8982142857142863     
   4.9214285714285717     
   4.9446428571428571     
   4.9678571428571434     
   4.9910714285714288     
   5.0142857142857142     
   5.0375000000000005     
   5.0607142857142859     
   5.0839285714285714     
   5.1071428571428577     
   5.1303571428571431     
   5.1535714285714285     
   5.1767857142857148     
   5.2000000000000002     
   5.2232142857142856     
   5.2464285714285719     
   5.2696428571428573     
   5.2928571428571427     
   5.3160714285714290     
   5.3392857142857144     
   5.3624999999999998     
   5.3857142857142861     
   5.4089285714285715     
   5.4321428571428569     
   5.4553571428571432     
   5.4785714285714286     
   5.5017857142857141     
   5.5250000000000004     
   5.5482142857142858     
   5.5714285714285712     
   5.5946428571428575     
   5.6178571428571429     
   5.6410714285714292     
   5.6642857142857146     
   5.6875000000000000     
   5.7107142857142863     
   5.7339285714285717     
   5.7571428571428571     
   5.7803571428571434     
   5.8035714285714288     
   5.8267857142857142     
   5.8500000000000005     
   5.8732142857142859     
   5.8964285714285714     
   5.9196428571428577     
   5.9428571428571431     
   5.9660714285714285     
   5.9892857142857148     
   6.0125000000000002     
   6.0357142857142856     
   6.0589285714285719     
   6.0821428571428573     
   6.1053571428571427     
   6.1285714285714290     
   6.1517857142857144     
   6.1749999999999998     
   6.1982142857142861     
   6.2214285714285715     
   6.2446428571428569     
   6.2678571428571432     
   6.2910714285714286     
   6.3142857142857149     
   6.3375000000000004     
   6.3607142857142858     
   6.3839285714285721     
   6.4071428571428575     
   6.4303571428571429     
   6.4535714285714292     
   6.4767857142857146     
   6.5000000000000000     
   6.5232142857142863     
   6.5464285714285717     
