    8.7609511890E-02    1.0018743084E+00    4.0007848609E-03    2.9957731648E-03    7.3017840639E-02
    1.7521902378E-01    1.0037484248E+00    4.0015723112E-03    2.9945942331E-03    7.3149043930E-02
    2.6282853567E-01    1.0056219491E+00    4.0023580802E-03    2.9934185119E-03    7.3280195649E-02
    3.5043804756E-01    1.0074948807E+00    4.0031421522E-03    2.9922460201E-03    7.3411295936E-02
    4.3804755945E-01    1.0093672215E+00    4.0039245345E-03    2.9910767416E-03    7.3542344932E-02
    5.2565707134E-01    1.0112389729E+00    4.0047052344E-03    2.9899106604E-03    7.3673342779E-02
    6.1326658323E-01    1.0131101367E+00    4.0054842593E-03    2.9887477607E-03    7.3804289616E-02
    7.0087609512E-01    1.0149807145E+00    4.0062616164E-03    2.9875880266E-03    7.3935185581E-02
    7.8848560701E-01    1.0168507080E+00    4.0070373131E-03    2.9864314424E-03    7.4066030813E-02
    8.7609511890E-01    1.0187201187E+00    4.0078113566E-03    2.9852779927E-03    7.4196825451E-02
    9.6370463079E-01    1.0205889483E+00    4.0085837539E-03    2.9841276619E-03    7.4327569629E-02
    1.0513141427E+00    1.0224571985E+00    4.0093545123E-03    2.9829804347E-03    7.4458263486E-02
    1.1389236546E+00    1.0243248707E+00    4.0101236387E-03    2.9818362959E-03    7.4588907157E-02
    1.2265331665E+00    1.0261919667E+00    4.0108911402E-03    2.9806952303E-03    7.4719500776E-02
    1.3141426783E+00    1.0280584880E+00    4.0116570238E-03    2.9795572230E-03    7.4850044478E-02
    1.4017521902E+00    1.0299244361E+00    4.0124212963E-03    2.9784222590E-03    7.4980538397E-02
    1.4893617021E+00    1.0317898128E+00    4.0131839647E-03    2.9772903235E-03    7.5110982665E-02
    1.5769712140E+00    1.0336546194E+00    4.0139450358E-03    2.9761614018E-03    7.5241377415E-02
    1.6645807259E+00    1.0355188577E+00    4.0147045164E-03    2.9750354793E-03    7.5371722778E-02
    1.7521902378E+00    1.0373825290E+00    4.0154624133E-03    2.9739125416E-03    7.5502018886E-02
    1.8397997497E+00    1.0392456351E+00    4.0162187330E-03    2.9727925741E-03    7.5632265869E-02
    1.9274092616E+00    1.0411081773E+00    4.0169734824E-03    2.9716755627E-03    7.5762463857E-02
    2.0150187735E+00    1.0429701573E+00    4.0177266680E-03    2.9705614932E-03    7.5892612979E-02
    2.1026282854E+00    1.0448315766E+00    4.0184782965E-03    2.9694503513E-03    7.6022713364E-02
    2.1902377972E+00    1.0466924366E+00    4.0192283742E-03    2.9683421232E-03    7.6152765139E-02
    2.2778473091E+00    1.0485527389E+00    4.0199769079E-03    2.9672367950E-03    7.6282768432E-02
    2.3654568210E+00    1.0504124849E+00    4.0207239038E-03    2.9661343528E-03    7.6412723370E-02
    2.4530663329E+00    1.0522716763E+00    4.0214693684E-03    2.9650347830E-03    7.6542630078E-02
    2.5406758448E+00    1.0541303144E+00    4.0222133081E-03    2.9639380718E-03    7.6672488682E-02
    2.6282853567E+00    1.0559884006E+00    4.0229557292E-03    2.9628442059E-03    7.6802299308E-02
    2.7158948686E+00    1.0578459366E+00    4.0236966380E-03    2.9617531717E-03    7.6932062079E-02
    2.8035043805E+00    1.0597029238E+00    4.0244360408E-03    2.9606649559E-03    7.7061777119E-02
    2.8911138924E+00    1.0615593635E+00    4.0251739437E-03    2.9595795454E-03    7.7191444552E-02
    2.9787234043E+00    1.0634152573E+00    4.0259103530E-03    2.9584969268E-03    7.7321064500E-02
    3.0663329161E+00    1.0652706066E+00    4.0266452748E-03    2.9574170873E-03    7.7450637085E-02
    3.1539424280E+00    1.0671254128E+00    4.0273787152E-03    2.9563400137E-03    7.7580162428E-02
    3.2415519399E+00    1.0689796774E+00    4.0281106802E-03    2.9552656932E-03    7.7709640651E-02
    3.3291614518E+00    1.0708334017E+00    4.0288411760E-03    2.9541941130E-03    7.7839071873E-02
    3.4167709637E+00    1.0726865873E+00    4.0295702083E-03    2.9531252604E-03    7.7968456215E-02
    3.5043804756E+00    1.0745392354E+00    4.0302977833E-03    2.9520591227E-03    7.8097793795E-02
    3.5919899875E+00    1.0763913475E+00    4.0310239068E-03    2.9509956874E-03    7.8227084733E-02
    3.6795994994E+00    1.0782429250E+00    4.0317485848E-03    2.9499349421E-03    7.8356329146E-02
    3.7672090113E+00    1.0800939693E+00    4.0324718229E-03    2.9488768743E-03    7.8485527152E-02
    3.8548185232E+00    1.0819444817E+00    4.0331936272E-03    2.9478214718E-03    7.8614678868E-02
    3.9424280350E+00    1.0837944637E+00    4.0339140032E-03    2.9467687224E-03    7.8743784410E-02
    4.0300375469E+00    1.0856439165E+00    4.0346329569E-03    2.9457186138E-03    7.8872843895E-02
    4.1176470588E+00    1.0874928416E+00    4.0353504937E-03    2.9446711341E-03    7.9001857437E-02
    4.2052565707E+00    1.0893412403E+00    4.0360666196E-03    2.9436262713E-03    7.9130825153E-02
    4.2928660826E+00    1.0911891140E+00    4.0367813399E-03    2.9425840135E-03    7.9259747155E-02
    4.3804755945E+00    1.0930364640E+00    4.0374946605E-03    2.9415443489E-03    7.9388623559E-02
    4.4680851064E+00    1.0948832916E+00    4.0382065867E-03    2.9405072657E-03    7.9517454476E-02
    4.5556946183E+00    1.0967295982E+00    4.0389171243E-03    2.9394727523E-03    7.9646240021E-02
    4.6433041302E+00    1.0985753850E+00    4.0396262785E-03    2.9384407971E-03    7.9774980306E-02
    4.7309136421E+00    1.1004206535E+00    4.0403340550E-03    2.9374113885E-03    7.9903675441E-02
    4.8185231539E+00    1.1022654049E+00    4.0410404592E-03    2.9363845153E-03    8.0032325539E-02
    4.9061326658E+00    1.1041096405E+00    4.0417454964E-03    2.9353601659E-03    8.0160930710E-02
    4.9937421777E+00    1.1059533616E+00    4.0424491720E-03    2.9343383291E-03    8.0289491065E-02
    5.0813516896E+00    1.1077965695E+00    4.0431514914E-03    2.9333189937E-03    8.0418006714E-02
    5.1689612015E+00    1.1096392655E+00    4.0438524599E-03    2.9323021485E-03    8.0546477765E-02
    5.2565707134E+00    1.1114814509E+00    4.0445520827E-03    2.9312877825E-03    8.0674904328E-02
    5.3441802253E+00    1.1133231270E+00    4.0452503651E-03    2.9302758847E-03    8.0803286511E-02
    5.4317897372E+00    1.1151642950E+00    4.0459473123E-03    2.9292664442E-03    8.0931624422E-02
    5.5193992491E+00    1.1170049562E+00    4.0466429294E-03    2.9282594500E-03    8.1059918168E-02
    5.6070087610E+00    1.1188451118E+00    4.0473372217E-03    2.9272548915E-03    8.1188167856E-02
    5.6946182728E+00    1.1206847631E+00    4.0480301942E-03    2.9262527579E-03    8.1316373593E-02
    5.7822277847E+00    1.1225239114E+00    4.0487218521E-03    2.9252530385E-03    8.1444535485E-02
    5.8698372966E+00    1.1243625579E+00    4.0494122004E-03    2.9242557228E-03    8.1572653637E-02
    5.9574468085E+00    1.1262007037E+00    4.0501012441E-03    2.9232608002E-03    8.1700728154E-02
    6.0450563204E+00    1.1280383503E+00    4.0507889882E-03    2.9222682603E-03    8.1828759141E-02
    6.1326658323E+00    1.1298754987E+00    4.0514754378E-03    2.9212780927E-03    8.1956746702E-02
    6.2202753442E+00    1.1317121502E+00    4.0521605977E-03    2.9202902871E-03    8.2084690940E-02
    6.3078848561E+00    1.1335483061E+00    4.0528444729E-03    2.9193048333E-03    8.2212591960E-02
    6.3954943680E+00    1.1353839674E+00    4.0535270682E-03    2.9183217210E-03    8.2340449863E-02
    6.4831038798E+00    1.1372191355E+00    4.0542083886E-03    2.9173409402E-03    8.2468264753E-02
    6.5707133917E+00    1.1390538115E+00    4.0548884388E-03    2.9163624808E-03    8.2596036730E-02
    6.6583229036E+00    1.1408879966E+00    4.0555672236E-03    2.9153863327E-03    8.2723765897E-02
    6.7459324155E+00    1.1427216920E+00    4.0562447479E-03    2.9144124861E-03    8.2851452354E-02
    6.8335419274E+00    1.1445548989E+00    4.0569210164E-03    2.9134409310E-03    8.2979096202E-02
    6.9211514393E+00    1.1463876185E+00    4.0575960338E-03    2.9124716577E-03    8.3106697542E-02
    7.0087609512E+00    1.1482198519E+00    4.0582698048E-03    2.9115046565E-03    8.3234256472E-02
    7.0963704631E+00    1.1500516003E+00    4.0589423341E-03    2.9105399175E-03    8.3361773093E-02
    7.1839799750E+00    1.1518828648E+00    4.0596136263E-03    2.9095774312E-03    8.3489247503E-02
    7.2715894869E+00    1.1537136467E+00    4.0602836860E-03    2.9086171881E-03    8.3616679801E-02
    7.3591989987E+00    1.1555439470E+00    4.0609525179E-03    2.9076591785E-03    8.3744070084E-02
    7.4468085106E+00    1.1573737670E+00    4.0616201264E-03    2.9067033931E-03    8.3871418451E-02
    7.5344180225E+00    1.1592031077E+00    4.0622865162E-03    2.9057498225E-03    8.3998724998E-02
    7.6220275344E+00    1.1610319703E+00    4.0629516917E-03    2.9047984573E-03    8.4125989823E-02
    7.7096370463E+00    1.1628603559E+00    4.0636156575E-03    2.9038492882E-03    8.4253213021E-02
    7.7972465582E+00    1.1646882656E+00    4.0642784180E-03    2.9029023061E-03    8.4380394689E-02
    7.8848560701E+00    1.1665157007E+00    4.0649399776E-03    2.9019575017E-03    8.4507534923E-02
    7.9724655820E+00    1.1683426621E+00    4.0656003407E-03    2.9010148659E-03    8.4634633817E-02
    8.0600750939E+00    1.1701691510E+00    4.0662595118E-03    2.9000743897E-03    8.4761691467E-02
    8.1476846058E+00    1.1719951686E+00    4.0669174952E-03    2.8991360641E-03    8.4888707966E-02
    8.2352941176E+00    1.1738207158E+00    4.0675742952E-03    2.8981998801E-03    8.5015683409E-02
    8.3229036295E+00    1.1756457939E+00    4.0682299163E-03    2.8972658288E-03    8.5142617890E-02
    8.4105131414E+00    1.1774704038E+00    4.0688843625E-03    2.8963339015E-03    8.5269511501E-02
    8.4981226533E+00    1.1792945468E+00    4.0695376383E-03    2.8954040892E-03    8.5396364335E-02
    8.5857321652E+00    1.1811182238E+00    4.0701897479E-03    2.8944763833E-03    8.5523176486E-02
    8.6733416771E+00    1.1829414360E+00    4.0708406955E-03    2.8935507751E-03    8.5649948044E-02
    8.7609511890E+00    1.1847641844E+00    4.0714904853E-03    2.8926272559E-03    8.5776679103E-02
    8.8485607009E+00    1.1865864701E+00    4.0721391215E-03    2.8917058172E-03    8.5903369752E-02
    8.9361702128E+00    1.1884082942E+00    4.0727866082E-03    2.8907864505E-03    8.6030020083E-02
    9.0237797247E+00    1.1902296577E+00    4.0734329496E-03    2.8898691473E-03    8.6156630187E-02
    9.1113892365E+00    1.1920505617E+00    4.0740781497E-03    2.8889538990E-03    8.6283200154E-02
    9.1989987484E+00    1.1938710072E+00    4.0747222128E-03    2.8880406975E-03    8.6409730073E-02
    9.2866082603E+00    1.1956909953E+00    4.0753651427E-03    2.8871295343E-03    8.6536220034E-02
    9.3742177722E+00    1.1975105271E+00    4.0760069436E-03    2.8862204011E-03    8.6662670126E-02
    9.4618272841E+00    1.1993296035E+00    4.0766476196E-03    2.8853132898E-03    8.6789080439E-02
    9.5494367960E+00    1.2011482256E+00    4.0772871745E-03    2.8844081921E-03    8.6915451060E-02
    9.6370463079E+00    1.2029663945E+00    4.0779256124E-03    2.8835051000E-03    8.7041782077E-02
    9.7246558198E+00    1.2047841111E+00    4.0785629372E-03    2.8826040052E-03    8.7168073578E-02
    9.8122653317E+00    1.2066013765E+00    4.0791991529E-03    2.8817048999E-03    8.7294325650E-02
    9.8998748436E+00    1.2084181917E+00    4.0798342634E-03    2.8808077759E-03    8.7420538381E-02
    9.9874843554E+00    1.2102345577E+00    4.0804682725E-03    2.8799126254E-03    8.7546711856E-02
    1.0075093867E+01    1.2120504756E+00    4.0811011842E-03    2.8790194405E-03    8.7672846163E-02
    1.0162703379E+01    1.2138659463E+00    4.0817330023E-03    2.8781282132E-03    8.7798941387E-02
    1.0250312891E+01    1.2156809708E+00    4.0823637307E-03    2.8772389359E-03    8.7924997614E-02
    1.0337922403E+01    1.2174955501E+00    4.0829933731E-03    2.8763516006E-03    8.8051014928E-02
    1.0425531915E+01    1.2193096853E+00    4.0836219333E-03    2.8754661998E-03    8.8176993416E-02
    1.0513141427E+01    1.2211233773E+00    4.0842494152E-03    2.8745827257E-03    8.8302933161E-02
    1.0600750939E+01    1.2229366271E+00    4.0848758224E-03    2.8737011707E-03    8.8428834247E-02
    1.0688360451E+01    1.2247494357E+00    4.0855011587E-03    2.8728215272E-03    8.8554696760E-02
    1.0775969962E+01    1.2265618041E+00    4.0861254279E-03    2.8719437877E-03    8.8680520781E-02
    1.0863579474E+01    1.2283737332E+00    4.0867486335E-03    2.8710679447E-03    8.8806306395E-02
    1.0951188986E+01    1.2301852239E+00    4.0873707794E-03    2.8701939907E-03    8.8932053684E-02
    1.1038798498E+01    1.2319962774E+00    4.0879918690E-03    2.8693219183E-03    8.9057762730E-02
    1.1126408010E+01    1.2338068945E+00    4.0886119062E-03    2.8684517202E-03    8.9183433617E-02
    1.1214017522E+01    1.2356170762E+00    4.0892308944E-03    2.8675833889E-03    8.9309066426E-02
    1.1301627034E+01    1.2374268234E+00    4.0898488373E-03    2.8667169173E-03    8.9434661239E-02
    1.1389236546E+01    1.2392361371E+00    4.0904657385E-03    2.8658522980E-03    8.9560218137E-02
    1.1476846058E+01    1.2410450183E+00    4.0910816016E-03    2.8649895239E-03    8.9685737200E-02
    1.1564455569E+01    1.2428534678E+00    4.0916964300E-03    2.8641285878E-03    8.9811218511E-02
    1.1652065081E+01    1.2446614867E+00    4.0923102273E-03    2.8632694826E-03    8.9936662148E-02
    1.1739674593E+01    1.2464690758E+00    4.0929229970E-03    2.8624122011E-03    9.0062068192E-02
    1.1827284105E+01    1.2482762361E+00    4.0935347426E-03    2.8615567364E-03    9.0187436724E-02
    1.1914893617E+01    1.2500829686E+00    4.0941454676E-03    2.8607030815E-03    9.0312767821E-02
    1.2002503129E+01    1.2518892741E+00    4.0947551754E-03    2.8598512293E-03    9.0438061564E-02
    1.2090112641E+01    1.2536951535E+00    4.0953638694E-03    2.8590011729E-03    9.0563318031E-02
    1.2177722153E+01    1.2555006078E+00    4.0959715531E-03    2.8581529055E-03    9.0688537300E-02
    1.2265331665E+01    1.2573056380E+00    4.0965782299E-03    2.8573064202E-03    9.0813719451E-02
    1.2352941176E+01    1.2591102448E+00    4.0971839032E-03    2.8564617101E-03    9.0938864560E-02
    1.2440550688E+01    1.2609144292E+00    4.0977885763E-03    2.8556187686E-03    9.1063972706E-02
    1.2528160200E+01    1.2627181922E+00    4.0983922525E-03    2.8547775889E-03    9.1189043965E-02
    1.2615769712E+01    1.2645215346E+00    4.0989949353E-03    2.8539381642E-03    9.1314078415E-02
    1.2703379224E+01    1.2663244572E+00    4.0995966279E-03    2.8531004879E-03    9.1439076133E-02
    1.2790988736E+01    1.2681269611E+00    4.1001973336E-03    2.8522645534E-03    9.1564037194E-02
    1.2878598248E+01    1.2699290471E+00    4.1007970557E-03    2.8514303541E-03    9.1688961676E-02
    1.2966207760E+01    1.2717307160E+00    4.1013957975E-03    2.8505978834E-03    9.1813849654E-02
    1.3053817272E+01    1.2735319688E+00    4.1019935622E-03    2.8497671349E-03    9.1938701203E-02
    1.3141426783E+01    1.2753328064E+00    4.1025903530E-03    2.8489381020E-03    9.2063516399E-02
    1.3229036295E+01    1.2771332296E+00    4.1031861732E-03    2.8481107782E-03    9.2188295317E-02
    1.3316645807E+01    1.2789332392E+00    4.1037810260E-03    2.8472851573E-03    9.2313038031E-02
    1.3404255319E+01    1.2807328362E+00    4.1043749145E-03    2.8464612327E-03    9.2437744617E-02
    1.3491864831E+01    1.2825320214E+00    4.1049678420E-03    2.8456389982E-03    9.2562415148E-02
    1.3579474343E+01    1.2843307957E+00    4.1055598115E-03    2.8448184474E-03    9.2687049697E-02
    1.3667083855E+01    1.2861291599E+00    4.1061508263E-03    2.8439995741E-03    9.2811648340E-02
    1.3754693367E+01    1.2879271150E+00    4.1067408893E-03    2.8431823720E-03    9.2936211149E-02
    1.3842302879E+01    1.2897246616E+00    4.1073300039E-03    2.8423668349E-03    9.3060738196E-02
    1.3929912390E+01    1.2915218008E+00    4.1079181729E-03    2.8415529567E-03    9.3185229556E-02
    1.4017521902E+01    1.2933185333E+00    4.1085053996E-03    2.8407407312E-03    9.3309685300E-02
    1.4105131414E+01    1.2951148600E+00    4.1090916870E-03    2.8399301523E-03    9.3434105501E-02
    1.4192740926E+01    1.2969107818E+00    4.1096770380E-03    2.8391212139E-03    9.3558490230E-02
    1.4280350438E+01    1.2987062993E+00    4.1102614559E-03    2.8383139100E-03    9.3682839560E-02
    1.4367959950E+01    1.3005014136E+00    4.1108449435E-03    2.8375082345E-03    9.3807153562E-02
    1.4455569462E+01    1.3022961254E+00    4.1114275038E-03    2.8367041816E-03    9.3931432307E-02
    1.4543178974E+01    1.3040904356E+00    4.1120091399E-03    2.8359017452E-03    9.4055675866E-02
    1.4630788486E+01    1.3058843449E+00    4.1125898548E-03    2.8351009194E-03    9.4179884310E-02
    1.4718397997E+01    1.3076778542E+00    4.1131696513E-03    2.8343016984E-03    9.4304057709E-02
    1.4806007509E+01    1.3094709643E+00    4.1137485325E-03    2.8335040762E-03    9.4428196134E-02
    1.4893617021E+01    1.3112636761E+00    4.1143265013E-03    2.8327080471E-03    9.4552299653E-02
    1.4981226533E+01    1.3130559903E+00    4.1149035605E-03    2.8319136054E-03    9.4676368338E-02
    1.5068836045E+01    1.3148479077E+00    4.1154797131E-03    2.8311207451E-03    9.4800402256E-02
    1.5156445557E+01    1.3166394292E+00    4.1160549619E-03    2.8303294606E-03    9.4924401479E-02
    1.5244055069E+01    1.3184305556E+00    4.1166293099E-03    2.8295397462E-03    9.5048366073E-02
    1.5331664581E+01    1.3202212876E+00    4.1172027599E-03    2.8287515963E-03    9.5172296109E-02
    1.5419274093E+01    1.3220116260E+00    4.1177753148E-03    2.8279650051E-03    9.5296191654E-02
    1.5506883605E+01    1.3238015717E+00    4.1183469773E-03    2.8271799671E-03    9.5420052777E-02
    1.5594493116E+01    1.3255911254E+00    4.1189177504E-03    2.8263964767E-03    9.5543879545E-02
    1.5682102628E+01    1.3273802880E+00    4.1194876367E-03    2.8256145283E-03    9.5667672026E-02
    1.5769712140E+01    1.3291690601E+00    4.1200566392E-03    2.8248341164E-03    9.5791430288E-02
    1.5857321652E+01    1.3309574427E+00    4.1206247605E-03    2.8240552356E-03    9.5915154398E-02
    1.5944931164E+01    1.3327454364E+00    4.1211920034E-03    2.8232778803E-03    9.6038844422E-02
    1.6032540676E+01    1.3345330421E+00    4.1217583708E-03    2.8225020451E-03    9.6162500428E-02
    1.6120150188E+01    1.3363202605E+00    4.1223238653E-03    2.8217277247E-03    9.6286122482E-02
    1.6207759700E+01    1.3381070923E+00    4.1228884896E-03    2.8209549135E-03    9.6409710650E-02
    1.6295369212E+01    1.3398935385E+00    4.1234522466E-03    2.8201836063E-03    9.6533264998E-02
    1.6382978723E+01    1.3416795996E+00    4.1240151388E-03    2.8194137978E-03    9.6656785592E-02
    1.6470588235E+01    1.3434652766E+00    4.1245771690E-03    2.8186454826E-03    9.6780272497E-02
    1.6558197747E+01    1.3452505701E+00    4.1251383398E-03    2.8178786554E-03    9.6903725780E-02
    1.6645807259E+01    1.3470354808E+00    4.1256986539E-03    2.8171133111E-03    9.7027145503E-02
    1.6733416771E+01    1.3488200097E+00    4.1262581140E-03    2.8163494444E-03    9.7150531734E-02
    1.6821026283E+01    1.3506041574E+00    4.1268167227E-03    2.8155870501E-03    9.7273884536E-02
    1.6908635795E+01    1.3523879246E+00    4.1273744826E-03    2.8148261231E-03    9.7397203973E-02
    1.6996245307E+01    1.3541713121E+00    4.1279313963E-03    2.8140666581E-03    9.7520490111E-02
    1.7083854819E+01    1.3559543206E+00    4.1284874665E-03    2.8133086502E-03    9.7643743012E-02
    1.7171464330E+01    1.3577369510E+00    4.1290426957E-03    2.8125520942E-03    9.7766962740E-02
    1.7259073842E+01    1.3595192039E+00    4.1295970865E-03    2.8117969850E-03    9.7890149359E-02
    1.7346683354E+01    1.3613010800E+00    4.1301506415E-03    2.8110433176E-03    9.8013302933E-02
    1.7434292866E+01    1.3630825801E+00    4.1307033632E-03    2.8102910870E-03    9.8136423524E-02
    1.7521902378E+01    1.3648637050E+00    4.1312552541E-03    2.8095402882E-03    9.8259511195E-02
    1.7609511890E+01    1.3666444553E+00    4.1318063169E-03    2.8087909163E-03    9.8382566008E-02
    1.7697121402E+01    1.3684248318E+00    4.1323565540E-03    2.8080429663E-03    9.8505588027E-02
    1.7784730914E+01    1.3702048352E+00    4.1329059679E-03    2.8072964333E-03    9.8628577313E-02
    1.7872340426E+01    1.3719844662E+00    4.1334545611E-03    2.8065513124E-03    9.8751533928E-02
    1.7959949937E+01    1.3737637255E+00    4.1340023362E-03    2.8058075988E-03    9.8874457934E-02
    1.8047559449E+01    1.3755426139E+00    4.1345492955E-03    2.8050652876E-03    9.8997349393E-02
    1.8135168961E+01    1.3773211321E+00    4.1350954416E-03    2.8043243740E-03    9.9120208366E-02
    1.8222778473E+01    1.3790992807E+00    4.1356407768E-03    2.8035848533E-03    9.9243034913E-02
    1.8310387985E+01    1.3808770605E+00    4.1361853037E-03    2.8028467206E-03    9.9365829097E-02
    1.8397997497E+01    1.3826544722E+00    4.1367290247E-03    2.8021099712E-03    9.9488590977E-02
    1.8485607009E+01    1.3844315165E+00    4.1372719421E-03    2.8013746004E-03    9.9611320614E-02
    1.8573216521E+01    1.3862081941E+00    4.1378140584E-03    2.8006406035E-03    9.9734018068E-02
    1.8660826033E+01    1.3879845057E+00    4.1383553760E-03    2.7999079758E-03    9.9856683400E-02
    1.8748435544E+01    1.3897604519E+00    4.1388958972E-03    2.7991767127E-03    9.9979316669E-02
    1.8836045056E+01    1.3915360336E+00    4.1394356245E-03    2.7984468095E-03    1.0010191794E-01
    1.8923654568E+01    1.3933112513E+00    4.1399745602E-03    2.7977182617E-03    1.0022448726E-01
    1.9011264080E+01    1.3950861057E+00    4.1405127066E-03    2.7969910647E-03    1.0034702470E-01
    1.9098873592E+01    1.3968605976E+00    4.1410500662E-03    2.7962652138E-03    1.0046953031E-01
    1.9186483104E+01    1.3986347277E+00    4.1415866411E-03    2.7955407047E-03    1.0059200416E-01
    1.9274092616E+01    1.4004084965E+00    4.1421224339E-03    2.7948175327E-03    1.0071444630E-01
    1.9361702128E+01    1.4021819048E+00    4.1426574466E-03    2.7940956933E-03    1.0083685679E-01
    1.9449311640E+01    1.4039549533E+00    4.1431916818E-03    2.7933751822E-03    1.0095923568E-01
    1.9536921151E+01    1.4057276426E+00    4.1437251416E-03    2.7926559948E-03    1.0108158305E-01
    1.9624530663E+01    1.4074999734E+00    4.1442578283E-03    2.7919381267E-03    1.0120389894E-01
    1.9712140175E+01    1.4092719464E+00    4.1447897442E-03    2.7912215736E-03    1.0132618342E-01
    1.9799749687E+01    1.4110435622E+00    4.1453208916E-03    2.7905063310E-03    1.0144843653E-01
    1.9887359199E+01    1.4128148216E+00    4.1458512727E-03    2.7897923945E-03    1.0157065834E-01
    1.9974968711E+01    1.4145857251E+00    4.1463808898E-03    2.7890797599E-03    1.0169284891E-01
    2.0062578223E+01    1.4163562734E+00    4.1469097451E-03    2.7883684228E-03    1.0181500829E-01
    2.0150187735E+01    1.4181264672E+00    4.1474378407E-03    2.7876583789E-03    1.0193713653E-01
    2.0237797247E+01    1.4198963072E+00    4.1479651790E-03    2.7869496239E-03    1.0205923370E-01
    2.0325406758E+01    1.4216657940E+00    4.1484917620E-03    2.7862421536E-03    1.0218129986E-01
    2.0413016270E+01    1.4234349282E+00    4.1490175921E-03    2.7855359637E-03    1.0230333505E-01
    2.0500625782E+01    1.4252037105E+00    4.1495426714E-03    2.7848310500E-03    1.0242533933E-01
    2.0588235294E+01    1.4269721416E+00    4.1500670021E-03    2.7841274084E-03    1.0254731276E-01
    2.0675844806E+01    1.4287402221E+00    4.1505905862E-03    2.7834250346E-03    1.0266925540E-01
    2.0763454318E+01    1.4305079526E+00    4.1511134261E-03    2.7827239244E-03    1.0279116730E-01
    2.0851063830E+01    1.4322753338E+00    4.1516355237E-03    2.7820240738E-03    1.0291304851E-01
    2.0938673342E+01    1.4340423662E+00    4.1521568813E-03    2.7813254787E-03    1.0303489910E-01
    2.1026282854E+01    1.4358090507E+00    4.1526775010E-03    2.7806281348E-03    1.0315671911E-01
    2.1113892365E+01    1.4375753877E+00    4.1531973849E-03    2.7799320382E-03    1.0327850860E-01
    2.1201501877E+01    1.4393413779E+00    4.1537165351E-03    2.7792371848E-03    1.0340026763E-01
    2.1289111389E+01    1.4411070220E+00    4.1542349537E-03    2.7785435705E-03    1.0352199624E-01
    2.1376720901E+01    1.4428723206E+00    4.1547526428E-03    2.7778511913E-03    1.0364369450E-01
    2.1464330413E+01    1.4446372743E+00    4.1552696045E-03    2.7771600432E-03    1.0376536245E-01
    2.1551939925E+01    1.4464018837E+00    4.1557858408E-03    2.7764701223E-03    1.0388700016E-01
    2.1639549437E+01    1.4481661494E+00    4.1563013538E-03    2.7757814245E-03    1.0400860767E-01
    2.1727158949E+01    1.4499300721E+00    4.1568161456E-03    2.7750939460E-03    1.0413018504E-01
    2.1814768461E+01    1.4516936524E+00    4.1573302182E-03    2.7744076827E-03    1.0425173233E-01
    2.1902377972E+01    1.4534568909E+00    4.1578435736E-03    2.7737226308E-03    1.0437324957E-01
    2.1989987484E+01    1.4552197882E+00    4.1583562139E-03    2.7730387864E-03    1.0449473684E-01
    2.2077596996E+01    1.4569823449E+00    4.1588681411E-03    2.7723561457E-03    1.0461619417E-01
    2.2165206508E+01    1.4587445616E+00    4.1593793571E-03    2.7716747046E-03    1.0473762163E-01
    2.2252816020E+01    1.4605064390E+00    4.1598898641E-03    2.7709944595E-03    1.0485901927E-01
    2.2340425532E+01    1.4622679777E+00    4.1603996639E-03    2.7703154065E-03    1.0498038713E-01
    2.2428035044E+01    1.4640291782E+00    4.1609087586E-03    2.7696375418E-03    1.0510172528E-01
    2.2515644556E+01    1.4657900412E+00    4.1614171502E-03    2.7689608615E-03    1.0522303375E-01
    2.2603254068E+01    1.4675505672E+00    4.1619248406E-03    2.7682853621E-03    1.0534431261E-01
    2.2690863579E+01    1.4693107568E+00    4.1624318317E-03    2.7676110396E-03    1.0546556191E-01
    2.2778473091E+01    1.4710706107E+00    4.1629381256E-03    2.7669378903E-03    1.0558678169E-01
    2.2866082603E+01    1.4728301295E+00    4.1634437241E-03    2.7662659106E-03    1.0570797201E-01
    2.2953692115E+01    1.4745893137E+00    4.1639486293E-03    2.7655950968E-03    1.0582913292E-01
    2.3041301627E+01    1.4763481639E+00    4.1644528429E-03    2.7649254451E-03    1.0595026447E-01
    2.3128911139E+01    1.4781066807E+00    4.1649563670E-03    2.7642569519E-03    1.0607136671E-01
    2.3216520651E+01    1.4798648647E+00    4.1654592035E-03    2.7635896136E-03    1.0619243970E-01
    2.3304130163E+01    1.4816227165E+00    4.1659613543E-03    2.7629234264E-03    1.0631348348E-01
    2.3391739675E+01    1.4833802367E+00    4.1664628211E-03    2.7622583869E-03    1.0643449810E-01
    2.3479349186E+01    1.4851374258E+00    4.1669636061E-03    2.7615944914E-03    1.0655548361E-01
    2.3566958698E+01    1.4868942844E+00    4.1674637109E-03    2.7609317363E-03    1.0667644007E-01
    2.3654568210E+01    1.4886508131E+00    4.1679631376E-03    2.7602701180E-03    1.0679736752E-01
    2.3742177722E+01    1.4904070126E+00    4.1684618879E-03    2.7596096331E-03    1.0691826601E-01
    2.3829787234E+01    1.4921628832E+00    4.1689599637E-03    2.7589502779E-03    1.0703913560E-01
    2.3917396746E+01    1.4939184257E+00    4.1694573668E-03    2.7582920489E-03    1.0715997632E-01
    2.4005006258E+01    1.4956736406E+00    4.1699540992E-03    2.7576349428E-03    1.0728078824E-01
    2.4092615770E+01    1.4974285284E+00    4.1704501626E-03    2.7569789558E-03    1.0740157140E-01
    2.4180225282E+01    1.4991830898E+00    4.1709455588E-03    2.7563240847E-03    1.0752232584E-01
    2.4267834793E+01    1.5009373252E+00    4.1714402897E-03    2.7556703259E-03    1.0764305163E-01
    2.4355444305E+01    1.5026912353E+00    4.1719343571E-03    2.7550176760E-03    1.0776374880E-01
    2.4443053817E+01    1.5044448207E+00    4.1724277628E-03    2.7543661316E-03    1.0788441741E-01
    2.4530663329E+01    1.5061980817E+00    4.1729205086E-03    2.7537156893E-03    1.0800505750E-01
    2.4618272841E+01    1.5079510192E+00    4.1734125962E-03    2.7530663456E-03    1.0812566912E-01
    2.4705882353E+01    1.5097036335E+00    4.1739040275E-03    2.7524180972E-03    1.0824625232E-01
    2.4793491865E+01    1.5114559252E+00    4.1743948042E-03    2.7517709408E-03    1.0836680715E-01
    2.4881101377E+01    1.5132078950E+00    4.1748849281E-03    2.7511248729E-03    1.0848733365E-01
    2.4968710889E+01    1.5149595432E+00    4.1753744009E-03    2.7504798903E-03    1.0860783188E-01
    2.5056320401E+01    1.5167108706E+00    4.1758632244E-03    2.7498359896E-03    1.0872830188E-01
    2.5143929912E+01    1.5184618776E+00    4.1763514004E-03    2.7491931676E-03    1.0884874369E-01
    2.5231539424E+01    1.5202125648E+00    4.1768389305E-03    2.7485514208E-03    1.0896915737E-01
    2.5319148936E+01    1.5219629327E+00    4.1773258166E-03    2.7479107462E-03    1.0908954296E-01
    2.5406758448E+01    1.5237129819E+00    4.1778120603E-03    2.7472711403E-03    1.0920990052E-01
    2.5494367960E+01    1.5254627129E+00    4.1782976633E-03    2.7466326000E-03    1.0933023007E-01
    2.5581977472E+01    1.5272121262E+00    4.1787826274E-03    2.7459951221E-03    1.0945053168E-01
    2.5669586984E+01    1.5289612224E+00    4.1792669543E-03    2.7453587032E-03    1.0957080539E-01
    2.5757196496E+01    1.5307100021E+00    4.1797506456E-03    2.7447233403E-03    1.0969105124E-01
    2.5844806008E+01    1.5324584657E+00    4.1802337031E-03    2.7440890300E-03    1.0981126928E-01
    2.5932415519E+01    1.5342066137E+00    4.1807161284E-03    2.7434557693E-03    1.0993145956E-01
    2.6020025031E+01    1.5359544468E+00    4.1811979232E-03    2.7428235550E-03    1.1005162213E-01
    2.6107634543E+01    1.5377019655E+00    4.1816790892E-03    2.7421923839E-03    1.1017175702E-01
    2.6195244055E+01    1.5394491702E+00    4.1821596280E-03    2.7415622529E-03    1.1029186429E-01
    2.6282853567E+01    1.5411960615E+00    4.1826395414E-03    2.7409331589E-03    1.1041194397E-01
    2.6370463079E+01    1.5429426399E+00    4.1831188308E-03    2.7403050988E-03    1.1053199612E-01
    2.6458072591E+01    1.5446889059E+00    4.1835974980E-03    2.7396780694E-03    1.1065202079E-01
    2.6545682103E+01    1.5464348601E+00    4.1840755447E-03    2.7390520677E-03    1.1077201800E-01
    2.6633291615E+01    1.5481805030E+00    4.1845529724E-03    2.7384270907E-03    1.1089198782E-01
    2.6720901126E+01    1.5499258351E+00    4.1850297828E-03    2.7378031353E-03    1.1101193029E-01
    2.6808510638E+01    1.5516708569E+00    4.1855059775E-03    2.7371801983E-03    1.1113184544E-01
    2.6896120150E+01    1.5534155690E+00    4.1859815580E-03    2.7365582769E-03    1.1125173333E-01
    2.6983729662E+01    1.5551599718E+00    4.1864565261E-03    2.7359373680E-03    1.1137159400E-01
    2.7071339174E+01    1.5569040658E+00    4.1869308833E-03    2.7353174686E-03    1.1149142749E-01
    2.7158948686E+01    1.5586478516E+00    4.1874046311E-03    2.7346985757E-03    1.1161123385E-01
    2.7246558198E+01    1.5603913296E+00    4.1878777713E-03    2.7340806863E-03    1.1173101312E-01
    2.7334167710E+01    1.5621345005E+00    4.1883503053E-03    2.7334637976E-03    1.1185076535E-01
    2.7421777222E+01    1.5638773646E+00    4.1888222347E-03    2.7328479064E-03    1.1197049057E-01
    2.7509386733E+01    1.5656199225E+00    4.1892935611E-03    2.7322330099E-03    1.1209018884E-01
    2.7596996245E+01    1.5673621747E+00    4.1897642861E-03    2.7316191052E-03    1.1220986019E-01
    2.7684605757E+01    1.5691041217E+00    4.1902344112E-03    2.7310061893E-03    1.1232950468E-01
    2.7772215269E+01    1.5708457639E+00    4.1907039379E-03    2.7303942593E-03    1.1244912233E-01
    2.7859824781E+01    1.5725871020E+00    4.1911728678E-03    2.7297833125E-03    1.1256871321E-01
    2.7947434293E+01    1.5743281363E+00    4.1916412025E-03    2.7291733458E-03    1.1268827734E-01
    2.8035043805E+01    1.5760688674E+00    4.1921089434E-03    2.7285643564E-03    1.1280781477E-01
    2.8122653317E+01    1.5778092958E+00    4.1925760922E-03    2.7279563415E-03    1.1292732555E-01
    2.8210262829E+01    1.5795494219E+00    4.1930426502E-03    2.7273492983E-03    1.1304680972E-01
    2.8297872340E+01    1.5812892463E+00    4.1935086191E-03    2.7267432238E-03    1.1316626731E-01
    2.8385481852E+01    1.5830287694E+00    4.1939740002E-03    2.7261381154E-03    1.1328569838E-01
    2.8473091364E+01    1.5847679917E+00    4.1944387952E-03    2.7255339701E-03    1.1340510296E-01
    2.8560700876E+01    1.5865069138E+00    4.1949030056E-03    2.7249307852E-03    1.1352448110E-01
    2.8648310388E+01    1.5882455361E+00    4.1953666327E-03    2.7243285580E-03    1.1364383284E-01
    2.8735919900E+01    1.5899838590E+00    4.1958296782E-03    2.7237272855E-03    1.1376315822E-01
    2.8823529412E+01    1.5917218831E+00    4.1962921434E-03    2.7231269652E-03    1.1388245728E-01
    2.8911138924E+01    1.5934596088E+00    4.1967540298E-03    2.7225275943E-03    1.1400173006E-01
    2.8998748436E+01    1.5951970367E+00    4.1972153390E-03    2.7219291699E-03    1.1412097661E-01
    2.9086357947E+01    1.5969341671E+00    4.1976760723E-03    2.7213316895E-03    1.1424019697E-01
    2.9173967459E+01    1.5986710006E+00    4.1981362313E-03    2.7207351502E-03    1.1435939118E-01
    2.9261576971E+01    1.6004075377E+00    4.1985958174E-03    2.7201395494E-03    1.1447855927E-01
    2.9349186483E+01    1.6021437788E+00    4.1990548319E-03    2.7195448844E-03    1.1459770130E-01
    2.9436795995E+01    1.6038797244E+00    4.1995132765E-03    2.7189511525E-03    1.1471681729E-01
    2.9524405507E+01    1.6056153749E+00    4.1999711524E-03    2.7183583511E-03    1.1483590730E-01
    2.9612015019E+01    1.6073507309E+00    4.2004284612E-03    2.7177664775E-03    1.1495497136E-01
    2.9699624531E+01    1.6090857928E+00    4.2008852042E-03    2.7171755290E-03    1.1507400951E-01
    2.9787234043E+01    1.6108205610E+00    4.2013413828E-03    2.7165855031E-03    1.1519302180E-01
    2.9874843554E+01    1.6125550361E+00    4.2017969986E-03    2.7159963970E-03    1.1531200826E-01
    2.9962453066E+01    1.6142892184E+00    4.2022520528E-03    2.7154082083E-03    1.1543096894E-01
    3.0050062578E+01    1.6160231086E+00    4.2027065469E-03    2.7148209342E-03    1.1554990387E-01
    3.0137672090E+01    1.6177567069E+00    4.2031604823E-03    2.7142345723E-03    1.1566881310E-01
    3.0225281602E+01    1.6194900139E+00    4.2036138603E-03    2.7136491198E-03    1.1578769666E-01
    3.0312891114E+01    1.6212230301E+00    4.2040666824E-03    2.7130645743E-03    1.1590655459E-01
    3.0400500626E+01    1.6229557558E+00    4.2045189499E-03    2.7124809332E-03    1.1602538694E-01
    3.0488110138E+01    1.6246881916E+00    4.2049706643E-03    2.7118981940E-03    1.1614419374E-01
    3.0575719650E+01    1.6264203379E+00    4.2054218268E-03    2.7113163540E-03    1.1626297504E-01
    3.0663329161E+01    1.6281521952E+00    4.2058724389E-03    2.7107354109E-03    1.1638173086E-01
    3.0750938673E+01    1.6298837638E+00    4.2063225019E-03    2.7101553620E-03    1.1650046126E-01
    3.0838548185E+01    1.6316150443E+00    4.2067720171E-03    2.7095762048E-03    1.1661916627E-01
    3.0926157697E+01    1.6333460372E+00    4.2072209859E-03    2.7089979369E-03    1.1673784593E-01
    3.1013767209E+01    1.6350767427E+00    4.2076694097E-03    2.7084205558E-03    1.1685650028E-01
    3.1101376721E+01    1.6368071615E+00    4.2081172898E-03    2.7078440591E-03    1.1697512935E-01
    3.1188986233E+01    1.6385372939E+00    4.2085646275E-03    2.7072684441E-03    1.1709373319E-01
    3.1276595745E+01    1.6402671405E+00    4.2090114242E-03    2.7066937085E-03    1.1721231184E-01
    3.1364205257E+01    1.6419967015E+00    4.2094576811E-03    2.7061198499E-03    1.1733086533E-01
    3.1451814768E+01    1.6437259775E+00    4.2099033997E-03    2.7055468657E-03    1.1744939370E-01
    3.1539424280E+01    1.6454549690E+00    4.2103485811E-03    2.7049747536E-03    1.1756789699E-01
    3.1627033792E+01    1.6471836763E+00    4.2107932268E-03    2.7044035112E-03    1.1768637523E-01
    3.1714643304E+01    1.6489120999E+00    4.2112373380E-03    2.7038331360E-03    1.1780482848E-01
    3.1802252816E+01    1.6506402402E+00    4.2116809161E-03    2.7032636257E-03    1.1792325675E-01
    3.1889862328E+01    1.6523680977E+00    4.2121239623E-03    2.7026949778E-03    1.1804166010E-01
    3.1977471840E+01    1.6540956728E+00    4.2125664779E-03    2.7021271901E-03    1.1816003856E-01
    3.2065081352E+01    1.6558229659E+00    4.2130084642E-03    2.7015602600E-03    1.1827839217E-01
    3.2152690864E+01    1.6575499775E+00    4.2134499225E-03    2.7009941853E-03    1.1839672096E-01
    3.2240300375E+01    1.6592767080E+00    4.2138908541E-03    2.7004289636E-03    1.1851502497E-01
    3.2327909887E+01    1.6610031578E+00    4.2143312602E-03    2.6998645925E-03    1.1863330424E-01
    3.2415519399E+01    1.6627293273E+00    4.2147711421E-03    2.6993010699E-03    1.1875155881E-01
    3.2503128911E+01    1.6644552171E+00    4.2152105010E-03    2.6987383932E-03    1.1886978871E-01
    3.2590738423E+01    1.6661808274E+00    4.2156493383E-03    2.6981765602E-03    1.1898799398E-01
    3.2678347935E+01    1.6679061588E+00    4.2160876552E-03    2.6976155686E-03    1.1910617466E-01
    3.2765957447E+01    1.6696312116E+00    4.2165254529E-03    2.6970554161E-03    1.1922433078E-01
    3.2853566959E+01    1.6713559863E+00    4.2169627327E-03    2.6964961005E-03    1.1934246238E-01
    3.2941176471E+01    1.6730804833E+00    4.2173994958E-03    2.6959376194E-03    1.1946056950E-01
    3.3028785982E+01    1.6748047030E+00    4.2178357434E-03    2.6953799705E-03    1.1957865218E-01
    3.3116395494E+01    1.6765286459E+00    4.2182714768E-03    2.6948231517E-03    1.1969671045E-01
    3.3204005006E+01    1.6782523123E+00    4.2187066973E-03    2.6942671606E-03    1.1981474434E-01
    3.3291614518E+01    1.6799757026E+00    4.2191414059E-03    2.6937119951E-03    1.1993275389E-01
    3.3379224030E+01    1.6816988174E+00    4.2195756040E-03    2.6931576529E-03    1.2005073915E-01
    3.3466833542E+01    1.6834216569E+00    4.2200092928E-03    2.6926041317E-03    1.2016870014E-01
    3.3554443054E+01    1.6851442217E+00    4.2204424734E-03    2.6920514294E-03    1.2028663690E-01
    3.3642052566E+01    1.6868665121E+00    4.2208751472E-03    2.6914995438E-03    1.2040454947E-01
    3.3729662078E+01    1.6885885285E+00    4.2213073152E-03    2.6909484726E-03    1.2052243788E-01
    3.3817271589E+01    1.6903102714E+00    4.2217389786E-03    2.6903982137E-03    1.2064030217E-01
    3.3904881101E+01    1.6920317411E+00    4.2221701388E-03    2.6898487648E-03    1.2075814237E-01
    3.3992490613E+01    1.6937529381E+00    4.2226007968E-03    2.6893001239E-03    1.2087595852E-01
    3.4080100125E+01    1.6954738627E+00    4.2230309538E-03    2.6887522887E-03    1.2099375066E-01
    3.4167709637E+01    1.6971945154E+00    4.2234606110E-03    2.6882052572E-03    1.2111151882E-01
    3.4255319149E+01    1.6989148966E+00    4.2238897697E-03    2.6876590271E-03    1.2122926303E-01
    3.4342928661E+01    1.7006350067E+00    4.2243184309E-03    2.6871135962E-03    1.2134698333E-01
    3.4430538173E+01    1.7023548460E+00    4.2247465958E-03    2.6865689626E-03    1.2146467976E-01
    3.4518147685E+01    1.7040744151E+00    4.2251742657E-03    2.6860251241E-03    1.2158235234E-01
    3.4605757196E+01    1.7057937142E+00    4.2256014415E-03    2.6854820785E-03    1.2170000112E-01
    3.4693366708E+01    1.7075127438E+00    4.2260281246E-03    2.6849398237E-03    1.2181762614E-01
    3.4780976220E+01    1.7092315042E+00    4.2264543161E-03    2.6843983577E-03    1.2193522741E-01
    3.4868585732E+01    1.7109499960E+00    4.2268800170E-03    2.6838576783E-03    1.2205280498E-01
    3.4956195244E+01    1.7126682194E+00    4.2273052286E-03    2.6833177835E-03    1.2217035889E-01
    3.5043804756E+01    1.7143861748E+00    4.2277299520E-03    2.6827786713E-03    1.2228788916E-01
    3.5131414268E+01    1.7161038628E+00    4.2281541883E-03    2.6822403394E-03    1.2240539583E-01
    3.5219023780E+01    1.7178212835E+00    4.2285779387E-03    2.6817027860E-03    1.2252287894E-01
    3.5306633292E+01    1.7195384375E+00    4.2290012042E-03    2.6811660088E-03    1.2264033852E-01
    3.5394242804E+01    1.7212553252E+00    4.2294239860E-03    2.6806300060E-03    1.2275777461E-01
    3.5481852315E+01    1.7229719469E+00    4.2298462853E-03    2.6800947754E-03    1.2287518723E-01
    3.5569461827E+01    1.7246883029E+00    4.2302681031E-03    2.6795603151E-03    1.2299257642E-01
    3.5657071339E+01    1.7264043938E+00    4.2306894405E-03    2.6790266229E-03    1.2310994222E-01
    3.5744680851E+01    1.7281202198E+00    4.2311102987E-03    2.6784936970E-03    1.2322728465E-01
    3.5832290363E+01    1.7298357814E+00    4.2315306787E-03    2.6779615353E-03    1.2334460376E-01
    3.5919899875E+01    1.7315510790E+00    4.2319505817E-03    2.6774301357E-03    1.2346189957E-01
    3.6007509387E+01    1.7332661129E+00    4.2323700088E-03    2.6768994964E-03    1.2357917212E-01
    3.6095118899E+01    1.7349808835E+00    4.2327889609E-03    2.6763696153E-03    1.2369642144E-01
    3.6182728411E+01    1.7366953912E+00    4.2332074393E-03    2.6758404905E-03    1.2381364757E-01
    3.6270337922E+01    1.7384096364E+00    4.2336254451E-03    2.6753121200E-03    1.2393085054E-01
    3.6357947434E+01    1.7401236194E+00    4.2340429792E-03    2.6747845018E-03    1.2404803038E-01
    3.6445556946E+01    1.7418373407E+00    4.2344600428E-03    2.6742576341E-03    1.2416518712E-01
    3.6533166458E+01    1.7435508005E+00    4.2348766369E-03    2.6737315147E-03    1.2428232080E-01
    3.6620775970E+01    1.7452639994E+00    4.2352927627E-03    2.6732061419E-03    1.2439943145E-01
    3.6708385482E+01    1.7469769376E+00    4.2357084211E-03    2.6726815136E-03    1.2451651910E-01
    3.6795994994E+01    1.7486896156E+00    4.2361236133E-03    2.6721576281E-03    1.2463358379E-01
    3.6883604506E+01    1.7504020336E+00    4.2365383402E-03    2.6716344832E-03    1.2475062554E-01
    3.6971214018E+01    1.7521141921E+00    4.2369526031E-03    2.6711120772E-03    1.2486764440E-01
    3.7058823529E+01    1.7538260915E+00    4.2373664028E-03    2.6705904081E-03    1.2498464039E-01
    3.7146433041E+01    1.7555377321E+00    4.2377797405E-03    2.6700694741E-03    1.2510161354E-01
    3.7234042553E+01    1.7572491143E+00    4.2381926172E-03    2.6695492732E-03    1.2521856389E-01
    3.7321652065E+01    1.7589602384E+00    4.2386050339E-03    2.6690298037E-03    1.2533549146E-01
    3.7409261577E+01    1.7606711049E+00    4.2390169917E-03    2.6685110635E-03    1.2545239630E-01
    3.7496871089E+01    1.7623817141E+00    4.2394284916E-03    2.6679930509E-03    1.2556927843E-01
    3.7584480601E+01    1.7640920663E+00    4.2398395346E-03    2.6674757639E-03    1.2568613788E-01
    3.7672090113E+01    1.7658021619E+00    4.2402501218E-03    2.6669592008E-03    1.2580297470E-01
    3.7759699625E+01    1.7675120013E+00    4.2406602542E-03    2.6664433597E-03    1.2591978889E-01
    3.7847309136E+01    1.7692215849E+00    4.2410699328E-03    2.6659282387E-03    1.2603658051E-01
    3.7934918648E+01    1.7709309129E+00    4.2414791587E-03    2.6654138361E-03    1.2615334958E-01
    3.8022528160E+01    1.7726399859E+00    4.2418879327E-03    2.6649001499E-03    1.2627009613E-01
    3.8110137672E+01    1.7743488040E+00    4.2422962560E-03    2.6643871784E-03    1.2638682020E-01
    3.8197747184E+01    1.7760573678E+00    4.2427041296E-03    2.6638749198E-03    1.2650352181E-01
    3.8285356696E+01    1.7777656775E+00    4.2431115544E-03    2.6633633723E-03    1.2662020100E-01
    3.8372966208E+01    1.7794737335E+00    4.2435185315E-03    2.6628525340E-03    1.2673685779E-01
    3.8460575720E+01    1.7811815361E+00    4.2439250618E-03    2.6623424033E-03    1.2685349222E-01
    3.8548185232E+01    1.7828890857E+00    4.2443311463E-03    2.6618329782E-03    1.2697010432E-01
    3.8635794743E+01    1.7845963828E+00    4.2447367861E-03    2.6613242570E-03    1.2708669413E-01
    3.8723404255E+01    1.7863034275E+00    4.2451419821E-03    2.6608162379E-03    1.2720326166E-01
    3.8811013767E+01    1.7880102203E+00    4.2455467353E-03    2.6603089193E-03    1.2731980695E-01
    3.8898623279E+01    1.7897167615E+00    4.2459510466E-03    2.6598022993E-03    1.2743633004E-01
    3.8986232791E+01    1.7914230515E+00    4.2463549172E-03    2.6592963761E-03    1.2755283095E-01
    3.9073842303E+01    1.7931290907E+00    4.2467583478E-03    2.6587911481E-03    1.2766930971E-01
    3.9161451815E+01    1.7948348793E+00    4.2471613396E-03    2.6582866134E-03    1.2778576636E-01
    3.9249061327E+01    1.7965404177E+00    4.2475638934E-03    2.6577827704E-03    1.2790220092E-01
    3.9336670839E+01    1.7982457062E+00    4.2479660102E-03    2.6572796173E-03    1.2801861343E-01
    3.9424280350E+01    1.7999507453E+00    4.2483676910E-03    2.6567771525E-03    1.2813500391E-01
    3.9511889862E+01    1.8016555353E+00    4.2487689367E-03    2.6562753741E-03    1.2825137239E-01
    3.9599499374E+01    1.8033600764E+00    4.2491697484E-03    2.6557742805E-03    1.2836771891E-01
    3.9687108886E+01    1.8050643691E+00    4.2495701269E-03    2.6552738700E-03    1.2848404349E-01
    3.9774718398E+01    1.8067684137E+00    4.2499700731E-03    2.6547741408E-03    1.2860034617E-01
    3.9862327910E+01    1.8084722105E+00    4.2503695881E-03    2.6542750914E-03    1.2871662697E-01
    3.9949937422E+01    1.8101757599E+00    4.2507686728E-03    2.6537767200E-03    1.2883288593E-01
    4.0037546934E+01    1.8118790621E+00    4.2511673281E-03    2.6532790249E-03    1.2894912307E-01
    4.0125156446E+01    1.8135821177E+00    4.2515655550E-03    2.6527820045E-03    1.2906533843E-01
    4.0212765957E+01    1.8152849268E+00    4.2519633543E-03    2.6522856570E-03    1.2918153202E-01
    4.0300375469E+01    1.8169874898E+00    4.2523607270E-03    2.6517899810E-03    1.2929770389E-01
    4.0387984981E+01    1.8186898071E+00    4.2527576741E-03    2.6512949746E-03    1.2941385406E-01
    4.0475594493E+01    1.8203918790E+00    4.2531541964E-03    2.6508006362E-03    1.2952998257E-01
    4.0563204005E+01    1.8220937059E+00    4.2535502949E-03    2.6503069642E-03    1.2964608943E-01
    4.0650813517E+01    1.8237952880E+00    4.2539459705E-03    2.6498139570E-03    1.2976217468E-01
    4.0738423029E+01    1.8254966257E+00    4.2543412241E-03    2.6493216130E-03    1.2987823835E-01
    4.0826032541E+01    1.8271977193E+00    4.2547360566E-03    2.6488299304E-03    1.2999428047E-01
    4.0913642053E+01    1.8288985692E+00    4.2551304690E-03    2.6483389077E-03    1.3011030106E-01
    4.1001251564E+01    1.8305991757E+00    4.2555244620E-03    2.6478485433E-03    1.3022630016E-01
    4.1088861076E+01    1.8322995391E+00    4.2559180367E-03    2.6473588355E-03    1.3034227780E-01
    4.1176470588E+01    1.8339996598E+00    4.2563111940E-03    2.6468697829E-03    1.3045823399E-01
    4.1264080100E+01    1.8356995380E+00    4.2567039346E-03    2.6463813837E-03    1.3057416878E-01
    4.1351689612E+01    1.8373991741E+00    4.2570962596E-03    2.6458936363E-03    1.3069008219E-01
    4.1439299124E+01    1.8390985685E+00    4.2574881698E-03    2.6454065393E-03    1.3080597424E-01
    4.1526908636E+01    1.8407977215E+00    4.2578796660E-03    2.6449200910E-03    1.3092184498E-01
    4.1614518148E+01    1.8424966333E+00    4.2582707493E-03    2.6444342898E-03    1.3103769442E-01
    4.1702127660E+01    1.8441953044E+00    4.2586614204E-03    2.6439491342E-03    1.3115352259E-01
    4.1789737171E+01    1.8458937349E+00    4.2590516803E-03    2.6434646226E-03    1.3126932952E-01
    4.1877346683E+01    1.8475919254E+00    4.2594415297E-03    2.6429807535E-03    1.3138511525E-01
    4.1964956195E+01    1.8492898760E+00    4.2598309697E-03    2.6424975253E-03    1.3150087979E-01
    4.2052565707E+01    1.8509875871E+00    4.2602200010E-03    2.6420149364E-03    1.3161662318E-01
    4.2140175219E+01    1.8526850590E+00    4.2606086246E-03    2.6415329854E-03    1.3173234544E-01
    4.2227784731E+01    1.8543822921E+00    4.2609968412E-03    2.6410516706E-03    1.3184804661E-01
    4.2315394243E+01    1.8560792866E+00    4.2613846518E-03    2.6405709906E-03    1.3196372671E-01
    4.2403003755E+01    1.8577760429E+00    4.2617720572E-03    2.6400909439E-03    1.3207938576E-01
    4.2490613267E+01    1.8594725613E+00    4.2621590583E-03    2.6396115288E-03    1.3219502380E-01
    4.2578222778E+01    1.8611688422E+00    4.2625456558E-03    2.6391327439E-03    1.3231064085E-01
    4.2665832290E+01    1.8628648857E+00    4.2629318508E-03    2.6386545877E-03    1.3242623694E-01
    4.2753441802E+01    1.8645606923E+00    4.2633176440E-03    2.6381770587E-03    1.3254181210E-01
    4.2841051314E+01    1.8662562622E+00    4.2637030362E-03    2.6377001554E-03    1.3265736636E-01
    4.2928660826E+01    1.8679515958E+00    4.2640880284E-03    2.6372238763E-03    1.3277289974E-01
    4.3016270338E+01    1.8696466934E+00    4.2644726213E-03    2.6367482199E-03    1.3288841227E-01
    4.3103879850E+01    1.8713415553E+00    4.2648568158E-03    2.6362731847E-03    1.3300390398E-01
    4.3191489362E+01    1.8730361817E+00    4.2652406127E-03    2.6357987693E-03    1.3311937489E-01
    4.3279098874E+01    1.8747305731E+00    4.2656240129E-03    2.6353249721E-03    1.3323482504E-01
    4.3366708385E+01    1.8764247297E+00    4.2660070172E-03    2.6348517917E-03    1.3335025444E-01
    4.3454317897E+01    1.8781186519E+00    4.2663896264E-03    2.6343792267E-03    1.3346566313E-01
    4.3541927409E+01    1.8798123399E+00    4.2667718413E-03    2.6339072756E-03    1.3358105113E-01
    4.3629536921E+01    1.8815057940E+00    4.2671536627E-03    2.6334359369E-03    1.3369641847E-01
    4.3717146433E+01    1.8831990146E+00    4.2675350916E-03    2.6329652091E-03    1.3381176518E-01
    4.3804755945E+01    1.8848920019E+00    4.2679161286E-03    2.6324950910E-03    1.3392709128E-01
    4.3892365457E+01    1.8865847564E+00    4.2682967747E-03    2.6320255809E-03    1.3404239681E-01
    4.3979974969E+01    1.8882772781E+00    4.2686770305E-03    2.6315566775E-03    1.3415768177E-01
    4.4067584481E+01    1.8899695676E+00    4.2690568970E-03    2.6310883793E-03    1.3427294622E-01
    4.4155193992E+01    1.8916616250E+00    4.2694363749E-03    2.6306206850E-03    1.3438819016E-01
    4.4242803504E+01    1.8933534507E+00    4.2698154651E-03    2.6301535931E-03    1.3450341362E-01
    4.4330413016E+01    1.8950450450E+00    4.2701941683E-03    2.6296871022E-03    1.3461861664E-01
    4.4418022528E+01    1.8967364082E+00    4.2705724853E-03    2.6292212108E-03    1.3473379924E-01
    4.4505632040E+01    1.8984275406E+00    4.2709504170E-03    2.6287559176E-03    1.3484896144E-01
    4.4593241552E+01    1.9001184424E+00    4.2713279641E-03    2.6282912213E-03    1.3496410327E-01
    4.4680851064E+01    1.9018091140E+00    4.2717051275E-03    2.6278271203E-03    1.3507922477E-01
    4.4768460576E+01    1.9034995557E+00    4.2720819078E-03    2.6273636133E-03    1.3519432594E-01
    4.4856070088E+01    1.9051897678E+00    4.2724583059E-03    2.6269006989E-03    1.3530940682E-01
    4.4943679599E+01    1.9068797505E+00    4.2728343226E-03    2.6264383757E-03    1.3542446744E-01
    4.5031289111E+01    1.9085695042E+00    4.2732099587E-03    2.6259766425E-03    1.3553950782E-01
    4.5118898623E+01    1.9102590292E+00    4.2735852149E-03    2.6255154977E-03    1.3565452798E-01
    4.5206508135E+01    1.9119483257E+00    4.2739600921E-03    2.6250549400E-03    1.3576952796E-01
    4.5294117647E+01    1.9136373941E+00    4.2743345909E-03    2.6245949681E-03    1.3588450778E-01
    4.5381727159E+01    1.9153262346E+00    4.2747087122E-03    2.6241355805E-03    1.3599946746E-01
    4.5469336671E+01    1.9170148476E+00    4.2750824567E-03    2.6236767761E-03    1.3611440703E-01
    4.5556946183E+01    1.9187032333E+00    4.2754558253E-03    2.6232185533E-03    1.3622932651E-01
    4.5644555695E+01    1.9203913920E+00    4.2758288186E-03    2.6227609109E-03    1.3634422594E-01
    4.5732165207E+01    1.9220793240E+00    4.2762014374E-03    2.6223038476E-03    1.3645910533E-01
    4.5819774718E+01    1.9237670296E+00    4.2765736825E-03    2.6218473619E-03    1.3657396471E-01
    4.5907384230E+01    1.9254545091E+00    4.2769455547E-03    2.6213914525E-03    1.3668880411E-01
    4.5994993742E+01    1.9271417628E+00    4.2773170547E-03    2.6209361182E-03    1.3680362355E-01
    4.6082603254E+01    1.9288287909E+00    4.2776881832E-03    2.6204813577E-03    1.3691842306E-01
    4.6170212766E+01    1.9305155938E+00    4.2780589411E-03    2.6200271695E-03    1.3703320266E-01
    4.6257822278E+01    1.9322021717E+00    4.2784293290E-03    2.6195735524E-03    1.3714796237E-01
    4.6345431790E+01    1.9338885249E+00    4.2787993477E-03    2.6191205050E-03    1.3726270223E-01
    4.6433041302E+01    1.9355746538E+00    4.2791689979E-03    2.6186680262E-03    1.3737742225E-01
    4.6520650814E+01    1.9372605585E+00    4.2795382805E-03    2.6182161145E-03    1.3749212247E-01
    4.6608260325E+01    1.9389462395E+00    4.2799071960E-03    2.6177647687E-03    1.3760680290E-01
    4.6695869837E+01    1.9406316968E+00    4.2802757454E-03    2.6173139875E-03    1.3772146357E-01
    4.6783479349E+01    1.9423169310E+00    4.2806439292E-03    2.6168637696E-03    1.3783610451E-01
    4.6871088861E+01    1.9440019421E+00    4.2810117483E-03    2.6164141137E-03    1.3795072574E-01
    4.6958698373E+01    1.9456867306E+00    4.2813792034E-03    2.6159650185E-03    1.3806532729E-01
    4.7046307885E+01    1.9473712966E+00    4.2817462951E-03    2.6155164828E-03    1.3817990918E-01
    4.7133917397E+01    1.9490556405E+00    4.2821130243E-03    2.6150685054E-03    1.3829447142E-01
    4.7221526909E+01    1.9507397625E+00    4.2824793916E-03    2.6146210848E-03    1.3840901406E-01
    4.7309136421E+01    1.9524236630E+00    4.2828453978E-03    2.6141742199E-03    1.3852353711E-01
    4.7396745932E+01    1.9541073421E+00    4.2832110435E-03    2.6137279095E-03    1.3863804060E-01
    4.7484355444E+01    1.9557908003E+00    4.2835763296E-03    2.6132821522E-03    1.3875252455E-01
    4.7571964956E+01    1.9574740376E+00    4.2839412567E-03    2.6128369468E-03    1.3886698899E-01
    4.7659574468E+01    1.9591570546E+00    4.2843058255E-03    2.6123922921E-03    1.3898143393E-01
    4.7747183980E+01    1.9608398513E+00    4.2846700368E-03    2.6119481868E-03    1.3909585941E-01
    4.7834793492E+01    1.9625224281E+00    4.2850338913E-03    2.6115046297E-03    1.3921026545E-01
    4.7922403004E+01    1.9642047852E+00    4.2853973896E-03    2.6110616196E-03    1.3932465207E-01
    4.8010012516E+01    1.9658869230E+00    4.2857605324E-03    2.6106191552E-03    1.3943901930E-01
    4.8097622028E+01    1.9675688417E+00    4.2861233206E-03    2.6101772353E-03    1.3955336715E-01
    4.8185231539E+01    1.9692505415E+00    4.2864857547E-03    2.6097358587E-03    1.3966769566E-01
    4.8272841051E+01    1.9709320228E+00    4.2868478354E-03    2.6092950241E-03    1.3978200485E-01
    4.8360450563E+01    1.9726132858E+00    4.2872095636E-03    2.6088547305E-03    1.3989629474E-01
    4.8448060075E+01    1.9742943308E+00    4.2875709398E-03    2.6084149764E-03    1.4001056535E-01
    4.8535669587E+01    1.9759751580E+00    4.2879319648E-03    2.6079757609E-03    1.4012481671E-01
    4.8623279099E+01    1.9776557678E+00    4.2882926392E-03    2.6075370825E-03    1.4023904885E-01
    4.8710888611E+01    1.9793361603E+00    4.2886529637E-03    2.6070989402E-03    1.4035326178E-01
    4.8798498123E+01    1.9810163359E+00    4.2890129390E-03    2.6066613328E-03    1.4046745552E-01
    4.8886107635E+01    1.9826962949E+00    4.2893725659E-03    2.6062242590E-03    1.4058163011E-01
    4.8973717146E+01    1.9843760374E+00    4.2897318449E-03    2.6057877177E-03    1.4069578557E-01
    4.9061326658E+01    1.9860555638E+00    4.2900907768E-03    2.6053517078E-03    1.4080992192E-01
    4.9148936170E+01    1.9877348743E+00    4.2904493623E-03    2.6049162279E-03    1.4092403917E-01
    4.9236545682E+01    1.9894139692E+00    4.2908076019E-03    2.6044812770E-03    1.4103813737E-01
    4.9324155194E+01    1.9910928488E+00    4.2911654965E-03    2.6040468538E-03    1.4115221652E-01
    4.9411764706E+01    1.9927715132E+00    4.2915230466E-03    2.6036129573E-03    1.4126627665E-01
    4.9499374218E+01    1.9944499629E+00    4.2918802530E-03    2.6031795862E-03    1.4138031779E-01
    4.9586983730E+01    1.9961281980E+00    4.2922371163E-03    2.6027467394E-03    1.4149433996E-01
    4.9674593242E+01    1.9978062188E+00    4.2925936371E-03    2.6023144157E-03    1.4160834317E-01
    4.9762202753E+01    1.9994840255E+00    4.2929498162E-03    2.6018826141E-03    1.4172232746E-01
    4.9849812265E+01    2.0011616185E+00    4.2933056541E-03    2.6014513332E-03    1.4183629285E-01
    4.9937421777E+01    2.0028389980E+00    4.2936611517E-03    2.6010205720E-03    1.4195023936E-01
    5.0025031289E+01    2.0045161642E+00    4.2940163094E-03    2.6005903294E-03    1.4206416700E-01
    5.0112640801E+01    2.0061931174E+00    4.2943711280E-03    2.6001606042E-03    1.4217807582E-01
    5.0200250313E+01    2.0078698579E+00    4.2947256082E-03    2.5997313953E-03    1.4229196582E-01
    5.0287859825E+01    2.0095463860E+00    4.2950797505E-03    2.5993027015E-03    1.4240583703E-01
    5.0375469337E+01    2.0112227017E+00    4.2954335556E-03    2.5988745218E-03    1.4251968947E-01
    5.0463078849E+01    2.0128988056E+00    4.2957870243E-03    2.5984468550E-03    1.4263352317E-01
    5.0550688360E+01    2.0145746977E+00    4.2961401570E-03    2.5980196999E-03    1.4274733814E-01
    5.0638297872E+01    2.0162503784E+00    4.2964929546E-03    2.5975930555E-03    1.4286113442E-01
    5.0725907384E+01    2.0179258478E+00    4.2968454175E-03    2.5971669206E-03    1.4297491201E-01
    5.0813516896E+01    2.0196011064E+00    4.2971975466E-03    2.5967412942E-03    1.4308867095E-01
    5.0901126408E+01    2.0212761542E+00    4.2975493423E-03    2.5963161752E-03    1.4320241126E-01
    5.0988735920E+01    2.0229509916E+00    4.2979008053E-03    2.5958915624E-03    1.4331613296E-01
    5.1076345432E+01    2.0246256188E+00    4.2982519363E-03    2.5954674547E-03    1.4342983606E-01
    5.1163954944E+01    2.0263000361E+00    4.2986027360E-03    2.5950438511E-03    1.4354352060E-01
    5.1251564456E+01    2.0279742437E+00    4.2989532048E-03    2.5946207504E-03    1.4365718660E-01
    5.1339173967E+01    2.0296482419E+00    4.2993033436E-03    2.5941981516E-03    1.4377083407E-01
    5.1426783479E+01    2.0313220309E+00    4.2996531528E-03    2.5937760536E-03    1.4388446305E-01
    5.1514392991E+01    2.0329956110E+00    4.3000026332E-03    2.5933544552E-03    1.4399807354E-01
    5.1602002503E+01    2.0346689823E+00    4.3003517853E-03    2.5929333555E-03    1.4411166557E-01
    5.1689612015E+01    2.0363421453E+00    4.3007006097E-03    2.5925127534E-03    1.4422523917E-01
    5.1777221527E+01    2.0380151001E+00    4.3010491072E-03    2.5920926477E-03    1.4433879436E-01
    5.1864831039E+01    2.0396878470E+00    4.3013972783E-03    2.5916730375E-03    1.4445233116E-01
    5.1952440551E+01    2.0413603861E+00    4.3017451236E-03    2.5912539216E-03    1.4456584958E-01
    5.2040050063E+01    2.0430327178E+00    4.3020926438E-03    2.5908352989E-03    1.4467934966E-01
    5.2127659574E+01    2.0447048424E+00    4.3024398394E-03    2.5904171686E-03    1.4479283141E-01
    5.2215269086E+01    2.0463767600E+00    4.3027867112E-03    2.5899995294E-03    1.4490629485E-01
    5.2302878598E+01    2.0480484708E+00    4.3031332596E-03    2.5895823803E-03    1.4501974001E-01
    5.2390488110E+01    2.0497199753E+00    4.3034794852E-03    2.5891657203E-03    1.4513316691E-01
    5.2478097622E+01    2.0513912735E+00    4.3038253888E-03    2.5887495483E-03    1.4524657557E-01
    5.2565707134E+01    2.0530623657E+00    4.3041709710E-03    2.5883338633E-03    1.4535996601E-01
    5.2653316646E+01    2.0547332522E+00    4.3045162322E-03    2.5879186643E-03    1.4547333825E-01
    5.2740926158E+01    2.0564039333E+00    4.3048611731E-03    2.5875039502E-03    1.4558669231E-01
    5.2828535670E+01    2.0580744091E+00    4.3052057944E-03    2.5870897200E-03    1.4570002822E-01
    5.2916145181E+01    2.0597446799E+00    4.3055500965E-03    2.5866759726E-03    1.4581334599E-01
    5.3003754693E+01    2.0614147459E+00    4.3058940802E-03    2.5862627071E-03    1.4592664565E-01
    5.3091364205E+01    2.0630846074E+00    4.3062377460E-03    2.5858499224E-03    1.4603992721E-01
    5.3178973717E+01    2.0647542646E+00    4.3065810945E-03    2.5854376174E-03    1.4615319071E-01
    5.3266583229E+01    2.0664237178E+00    4.3069241263E-03    2.5850257913E-03    1.4626643615E-01
    5.3354192741E+01    2.0680929672E+00    4.3072668420E-03    2.5846144429E-03    1.4637966356E-01
    5.3441802253E+01    2.0697620130E+00    4.3076092421E-03    2.5842035713E-03    1.4649287297E-01
    5.3529411765E+01    2.0714308555E+00    4.3079513273E-03    2.5837931754E-03    1.4660606439E-01
    5.3617021277E+01    2.0730994950E+00    4.3082930982E-03    2.5833832543E-03    1.4671923784E-01
    5.3704630788E+01    2.0747679315E+00    4.3086345553E-03    2.5829738069E-03    1.4683239334E-01
    5.3792240300E+01    2.0764361655E+00    4.3089756992E-03    2.5825648323E-03    1.4694553092E-01
    5.3879849812E+01    2.0781041970E+00    4.3093165305E-03    2.5821563294E-03    1.4705865060E-01
    5.3967459324E+01    2.0797720265E+00    4.3096570498E-03    2.5817482973E-03    1.4717175239E-01
    5.4055068836E+01    2.0814396540E+00    4.3099972576E-03    2.5813407349E-03    1.4728483632E-01
    5.4142678348E+01    2.0831070798E+00    4.3103371545E-03    2.5809336414E-03    1.4739790240E-01
    5.4230287860E+01    2.0847743042E+00    4.3106767412E-03    2.5805270156E-03    1.4751095066E-01
    5.4317897372E+01    2.0864413274E+00    4.3110160181E-03    2.5801208567E-03    1.4762398112E-01
    5.4405506884E+01    2.0881081496E+00    4.3113549859E-03    2.5797151636E-03    1.4773699380E-01
    5.4493116395E+01    2.0897747711E+00    4.3116936451E-03    2.5793099354E-03    1.4784998872E-01
    5.4580725907E+01    2.0914411921E+00    4.3120319962E-03    2.5789051711E-03    1.4796296590E-01
    5.4668335419E+01    2.0931074128E+00    4.3123700399E-03    2.5785008698E-03    1.4807592535E-01
    5.4755944931E+01    2.0947734334E+00    4.3127077767E-03    2.5780970304E-03    1.4818886711E-01
    5.4843554443E+01    2.0964392543E+00    4.3130452072E-03    2.5776936521E-03    1.4830179119E-01
    5.4931163955E+01    2.0981048755E+00    4.3133823320E-03    2.5772907338E-03    1.4841469760E-01
    5.5018773467E+01    2.0997702974E+00    4.3137191515E-03    2.5768882746E-03    1.4852758638E-01
    5.5106382979E+01    2.1014355201E+00    4.3140556664E-03    2.5764862735E-03    1.4864045754E-01
    5.5193992491E+01    2.1031005440E+00    4.3143918772E-03    2.5760847297E-03    1.4875331110E-01
    5.5281602003E+01    2.1047653692E+00    4.3147277845E-03    2.5756836421E-03    1.4886614707E-01
    5.5369211514E+01    2.1064299959E+00    4.3150633888E-03    2.5752830098E-03    1.4897896549E-01
    5.5456821026E+01    2.1080944244E+00    4.3153986906E-03    2.5748828318E-03    1.4909176637E-01
    5.5544430538E+01    2.1097586549E+00    4.3157336906E-03    2.5744831073E-03    1.4920454973E-01
    5.5632040050E+01    2.1114226877E+00    4.3160683893E-03    2.5740838353E-03    1.4931731559E-01
    5.5719649562E+01    2.1130865229E+00    4.3164027872E-03    2.5736850149E-03    1.4943006397E-01
    5.5807259074E+01    2.1147501608E+00    4.3167368849E-03    2.5732866450E-03    1.4954279489E-01
    5.5894868586E+01    2.1164136016E+00    4.3170706829E-03    2.5728887249E-03    1.4965550836E-01
    5.5982478098E+01    2.1180768456E+00    4.3174041817E-03    2.5724912535E-03    1.4976820442E-01
    5.6070087610E+01    2.1197398929E+00    4.3177373819E-03    2.5720942300E-03    1.4988088308E-01
    5.6157697121E+01    2.1214027437E+00    4.3180702841E-03    2.5716976535E-03    1.4999354435E-01
    5.6245306633E+01    2.1230653984E+00    4.3184028888E-03    2.5713015229E-03    1.5010618826E-01
    5.6332916145E+01    2.1247278571E+00    4.3187351964E-03    2.5709058374E-03    1.5021881483E-01
    5.6420525657E+01    2.1263901201E+00    4.3190672076E-03    2.5705105962E-03    1.5033142408E-01
    5.6508135169E+01    2.1280521875E+00    4.3193989230E-03    2.5701157982E-03    1.5044401602E-01
    5.6595744681E+01    2.1297140597E+00    4.3197303429E-03    2.5697214426E-03    1.5055659068E-01
    5.6683354193E+01    2.1313757367E+00    4.3200614680E-03    2.5693275285E-03    1.5066914807E-01
    5.6770963705E+01    2.1330372189E+00    4.3203922987E-03    2.5689340549E-03    1.5078168822E-01
    5.6858573217E+01    2.1346985064E+00    4.3207228357E-03    2.5685410211E-03    1.5089421114E-01
    5.6946182728E+01    2.1363595995E+00    4.3210530794E-03    2.5681484260E-03    1.5100671685E-01
    5.7033792240E+01    2.1380204983E+00    4.3213830304E-03    2.5677562688E-03    1.5111920538E-01
    5.7121401752E+01    2.1396812032E+00    4.3217126891E-03    2.5673645486E-03    1.5123167674E-01
    5.7209011264E+01    2.1413417143E+00    4.3220420562E-03    2.5669732645E-03    1.5134413094E-01
    5.7296620776E+01    2.1430020318E+00    4.3223711321E-03    2.5665824157E-03    1.5145656802E-01
    5.7384230288E+01    2.1446621560E+00    4.3226999174E-03    2.5661920012E-03    1.5156898799E-01
    5.7471839800E+01    2.1463220871E+00    4.3230284125E-03    2.5658020201E-03    1.5168139086E-01
    5.7559449312E+01    2.1479818253E+00    4.3233566180E-03    2.5654124717E-03    1.5179377666E-01
    5.7647058824E+01    2.1496413708E+00    4.3236845345E-03    2.5650233549E-03    1.5190614540E-01
    5.7734668335E+01    2.1513007238E+00    4.3240121623E-03    2.5646346691E-03    1.5201849711E-01
    5.7822277847E+01    2.1529598845E+00    4.3243395021E-03    2.5642464132E-03    1.5213083180E-01
    5.7909887359E+01    2.1546188532E+00    4.3246665543E-03    2.5638585864E-03    1.5224314950E-01
    5.7997496871E+01    2.1562776300E+00    4.3249933195E-03    2.5634711878E-03    1.5235545021E-01
    5.8085106383E+01    2.1579362152E+00    4.3253197981E-03    2.5630842166E-03    1.5246773397E-01
    5.8172715895E+01    2.1595946090E+00    4.3256459908E-03    2.5626976720E-03    1.5258000078E-01
    5.8260325407E+01    2.1612528117E+00    4.3259718979E-03    2.5623115530E-03    1.5269225067E-01
    5.8347934919E+01    2.1629108233E+00    4.3262975199E-03    2.5619258589E-03    1.5280448365E-01
    5.8435544431E+01    2.1645686441E+00    4.3266228575E-03    2.5615405887E-03    1.5291669975E-01
    5.8523153942E+01    2.1662262744E+00    4.3269479111E-03    2.5611557416E-03    1.5302889898E-01
    5.8610763454E+01    2.1678837144E+00    4.3272726811E-03    2.5607713168E-03    1.5314108137E-01
    5.8698372966E+01    2.1695409642E+00    4.3275971682E-03    2.5603873135E-03    1.5325324692E-01
    5.8785982478E+01    2.1711980241E+00    4.3279213727E-03    2.5600037307E-03    1.5336539566E-01
    5.8873591990E+01    2.1728548942E+00    4.3282452952E-03    2.5596205676E-03    1.5347752760E-01
    5.8961201502E+01    2.1745115748E+00    4.3285689362E-03    2.5592378235E-03    1.5358964278E-01
    5.9048811014E+01    2.1761680662E+00    4.3288922962E-03    2.5588554974E-03    1.5370174119E-01
    5.9136420526E+01    2.1778243684E+00    4.3292153757E-03    2.5584735886E-03    1.5381382287E-01
    5.9224030038E+01    2.1794804818E+00    4.3295381751E-03    2.5580920962E-03    1.5392588782E-01
    5.9311639549E+01    2.1811364064E+00    4.3298606949E-03    2.5577110193E-03    1.5403793607E-01
    5.9399249061E+01    2.1827921426E+00    4.3301829358E-03    2.5573303573E-03    1.5414996764E-01
    5.9486858573E+01    2.1844476905E+00    4.3305048980E-03    2.5569501091E-03    1.5426198255E-01
    5.9574468085E+01    2.1861030504E+00    4.3308265821E-03    2.5565702741E-03    1.5437398080E-01
    5.9662077597E+01    2.1877582224E+00    4.3311479887E-03    2.5561908514E-03    1.5448596243E-01
    5.9749687109E+01    2.1894132068E+00    4.3314691181E-03    2.5558118402E-03    1.5459792745E-01
    5.9837296621E+01    2.1910680037E+00    4.3317899709E-03    2.5554332396E-03    1.5470987587E-01
    5.9924906133E+01    2.1927226134E+00    4.3321105476E-03    2.5550550489E-03    1.5482180771E-01
    6.0012515645E+01    2.1943770360E+00    4.3324308486E-03    2.5546772673E-03    1.5493372300E-01
    6.0100125156E+01    2.1960312718E+00    4.3327508744E-03    2.5542998939E-03    1.5504562175E-01
    6.0187734668E+01    2.1976853210E+00    4.3330706255E-03    2.5539229280E-03    1.5515750398E-01
    6.0275344180E+01    2.1993391837E+00    4.3333901023E-03    2.5535463687E-03    1.5526936970E-01
    6.0362953692E+01    2.2009928603E+00    4.3337093054E-03    2.5531702152E-03    1.5538121894E-01
    6.0450563204E+01    2.2026463508E+00    4.3340282352E-03    2.5527944668E-03    1.5549305171E-01
    6.0538172716E+01    2.2042996554E+00    4.3343468922E-03    2.5524191226E-03    1.5560486802E-01
    6.0625782228E+01    2.2059527745E+00    4.3346652769E-03    2.5520441819E-03    1.5571666791E-01
    6.0713391740E+01    2.2076057081E+00    4.3349833896E-03    2.5516696439E-03    1.5582845138E-01
    6.0801001252E+01    2.2092584566E+00    4.3353012310E-03    2.5512955077E-03    1.5594021845E-01
    6.0888610763E+01    2.2109110200E+00    4.3356188015E-03    2.5509217727E-03    1.5605196914E-01
    6.0976220275E+01    2.2125633986E+00    4.3359361014E-03    2.5505484380E-03    1.5616370347E-01
    6.1063829787E+01    2.2142155925E+00    4.3362531314E-03    2.5501755027E-03    1.5627542145E-01
    6.1151439299E+01    2.2158676021E+00    4.3365698918E-03    2.5498029663E-03    1.5638712311E-01
    6.1239048811E+01    2.2175194274E+00    4.3368863832E-03    2.5494308278E-03    1.5649880846E-01
    6.1326658323E+01    2.2191710687E+00    4.3372026059E-03    2.5490590865E-03    1.5661047751E-01
    6.1414267835E+01    2.2208225262E+00    4.3375185605E-03    2.5486877417E-03    1.5672213029E-01
    6.1501877347E+01    2.2224738001E+00    4.3378342474E-03    2.5483167925E-03    1.5683376681E-01
    6.1589486859E+01    2.2241248905E+00    4.3381496671E-03    2.5479462382E-03    1.5694538709E-01
    6.1677096370E+01    2.2257757977E+00    4.3384648200E-03    2.5475760780E-03    1.5705699114E-01
    6.1764705882E+01    2.2274265218E+00    4.3387797065E-03    2.5472063112E-03    1.5716857899E-01
    6.1852315394E+01    2.2290770631E+00    4.3390943272E-03    2.5468369370E-03    1.5728015065E-01
    6.1939924906E+01    2.2307274218E+00    4.3394086825E-03    2.5464679547E-03    1.5739170614E-01
    6.2027534418E+01    2.2323775980E+00    4.3397227728E-03    2.5460993634E-03    1.5750324547E-01
    6.2115143930E+01    2.2340275919E+00    4.3400365986E-03    2.5457311624E-03    1.5761476867E-01
    6.2202753442E+01    2.2356774038E+00    4.3403501604E-03    2.5453633511E-03    1.5772627575E-01
    6.2290362954E+01    2.2373270338E+00    4.3406634585E-03    2.5449959285E-03    1.5783776672E-01
    6.2377972466E+01    2.2389764822E+00    4.3409764935E-03    2.5446288940E-03    1.5794924161E-01
    6.2465581977E+01    2.2406257490E+00    4.3412892657E-03    2.5442622469E-03    1.5806070042E-01
    6.2553191489E+01    2.2422748346E+00    4.3416017757E-03    2.5438959863E-03    1.5817214319E-01
    6.2640801001E+01    2.2439237390E+00    4.3419140239E-03    2.5435301116E-03    1.5828356992E-01
    6.2728410513E+01    2.2455724626E+00    4.3422260107E-03    2.5431646220E-03    1.5839498063E-01
    6.2816020025E+01    2.2472210054E+00    4.3425377365E-03    2.5427995167E-03    1.5850637534E-01
    6.2903629537E+01    2.2488693677E+00    4.3428492018E-03    2.5424347951E-03    1.5861775406E-01
    6.2991239049E+01    2.2505175497E+00    4.3431604071E-03    2.5420704564E-03    1.5872911682E-01
    6.3078848561E+01    2.2521655516E+00    4.3434713528E-03    2.5417064998E-03    1.5884046362E-01
    6.3166458073E+01    2.2538133735E+00    4.3437820392E-03    2.5413429247E-03    1.5895179449E-01
    6.3254067584E+01    2.2554610156E+00    4.3440924670E-03    2.5409797302E-03    1.5906310944E-01
    6.3341677096E+01    2.2571084782E+00    4.3444026364E-03    2.5406169158E-03    1.5917440849E-01
    6.3429286608E+01    2.2587557613E+00    4.3447125479E-03    2.5402544806E-03    1.5928569166E-01
    6.3516896120E+01    2.2604028653E+00    4.3450222020E-03    2.5398924239E-03    1.5939695896E-01
    6.3604505632E+01    2.2620497903E+00    4.3453315991E-03    2.5395307450E-03    1.5950821040E-01
    6.3692115144E+01    2.2636965364E+00    4.3456407396E-03    2.5391694432E-03    1.5961944601E-01
    6.3779724656E+01    2.2653431040E+00    4.3459496239E-03    2.5388085178E-03    1.5973066581E-01
    6.3867334168E+01    2.2669894930E+00    4.3462582525E-03    2.5384479681E-03    1.5984186980E-01
    6.3954943680E+01    2.2686357039E+00    4.3465666259E-03    2.5380877933E-03    1.5995305800E-01
    6.4042553191E+01    2.2702817366E+00    4.3468747443E-03    2.5377279927E-03    1.6006423044E-01
    6.4130162703E+01    2.2719275915E+00    4.3471826083E-03    2.5373685657E-03    1.6017538712E-01
    6.4217772215E+01    2.2735732686E+00    4.3474902183E-03    2.5370095115E-03    1.6028652807E-01
    6.4305381727E+01    2.2752187683E+00    4.3477975747E-03    2.5366508294E-03    1.6039765330E-01
    6.4392991239E+01    2.2768640906E+00    4.3481046780E-03    2.5362925187E-03    1.6050876282E-01
    6.4480600751E+01    2.2785092358E+00    4.3484115284E-03    2.5359345788E-03    1.6061985665E-01
    6.4568210263E+01    2.2801542040E+00    4.3487181266E-03    2.5355770088E-03    1.6073093482E-01
    6.4655819775E+01    2.2817989955E+00    4.3490244728E-03    2.5352198082E-03    1.6084199733E-01
    6.4743429287E+01    2.2834436103E+00    4.3493305676E-03    2.5348629762E-03    1.6095304419E-01
    6.4831038798E+01    2.2850880488E+00    4.3496364112E-03    2.5345065122E-03    1.6106407544E-01
    6.4918648310E+01    2.2867323110E+00    4.3499420042E-03    2.5341504153E-03    1.6117509108E-01
    6.5006257822E+01    2.2883763972E+00    4.3502473470E-03    2.5337946851E-03    1.6128609113E-01
    6.5093867334E+01    2.2900203075E+00    4.3505524399E-03    2.5334393207E-03    1.6139707560E-01
    6.5181476846E+01    2.2916640421E+00    4.3508572834E-03    2.5330843214E-03    1.6150804452E-01
    6.5269086358E+01    2.2933076013E+00    4.3511618779E-03    2.5327296867E-03    1.6161899789E-01
    6.5356695870E+01    2.2949509851E+00    4.3514662239E-03    2.5323754158E-03    1.6172993574E-01
    6.5444305382E+01    2.2965941938E+00    4.3517703216E-03    2.5320215080E-03    1.6184085808E-01
    6.5531914894E+01    2.2982372275E+00    4.3520741715E-03    2.5316679627E-03    1.6195176492E-01
    6.5619524406E+01    2.2998800865E+00    4.3523777741E-03    2.5313147791E-03    1.6206265628E-01
    6.5707133917E+01    2.3015227709E+00    4.3526811297E-03    2.5309619567E-03    1.6217353218E-01
    6.5794743429E+01    2.3031652808E+00    4.3529842388E-03    2.5306094947E-03    1.6228439263E-01
    6.5882352941E+01    2.3048076165E+00    4.3532871017E-03    2.5302573924E-03    1.6239523765E-01
    6.5969962453E+01    2.3064497782E+00    4.3535897189E-03    2.5299056493E-03    1.6250606725E-01
    6.6057571965E+01    2.3080917660E+00    4.3538920907E-03    2.5295542645E-03    1.6261688145E-01
    6.6145181477E+01    2.3097335801E+00    4.3541942176E-03    2.5292032376E-03    1.6272768027E-01
    6.6232790989E+01    2.3113752206E+00    4.3544960999E-03    2.5288525677E-03    1.6283846372E-01
    6.6320400501E+01    2.3130166879E+00    4.3547977381E-03    2.5285022542E-03    1.6294923182E-01
    6.6408010013E+01    2.3146579819E+00    4.3550991325E-03    2.5281522966E-03    1.6305998458E-01
    6.6495619524E+01    2.3162991030E+00    4.3554002836E-03    2.5278026940E-03    1.6317072202E-01
    6.6583229036E+01    2.3179400512E+00    4.3557011918E-03    2.5274534459E-03    1.6328144415E-01
    6.6670838548E+01    2.3195808268E+00    4.3560018574E-03    2.5271045516E-03    1.6339215099E-01
    6.6758448060E+01    2.3212214300E+00    4.3563022808E-03    2.5267560105E-03    1.6350284255E-01
    6.6846057572E+01    2.3228618608E+00    4.3566024625E-03    2.5264078218E-03    1.6361351886E-01
    6.6933667084E+01    2.3245021196E+00    4.3569024028E-03    2.5260599850E-03    1.6372417991E-01
    6.7021276596E+01    2.3261422064E+00    4.3572021022E-03    2.5257124995E-03    1.6383482575E-01
    6.7108886108E+01    2.3277821215E+00    4.3575015609E-03    2.5253653644E-03    1.6394545636E-01
    6.7196495620E+01    2.3294218649E+00    4.3578007795E-03    2.5250185793E-03    1.6405607178E-01
    6.7284105131E+01    2.3310614370E+00    4.3580997582E-03    2.5246721435E-03    1.6416667201E-01
    6.7371714643E+01    2.3327008378E+00    4.3583984975E-03    2.5243260563E-03    1.6427725708E-01
    6.7459324155E+01    2.3343400676E+00    4.3586969978E-03    2.5239803170E-03    1.6438782700E-01
    6.7546933667E+01    2.3359791264E+00    4.3589952595E-03    2.5236349252E-03    1.6449838177E-01
    6.7634543179E+01    2.3376180145E+00    4.3592932829E-03    2.5232898800E-03    1.6460892143E-01
    6.7722152691E+01    2.3392567321E+00    4.3595910684E-03    2.5229451809E-03    1.6471944597E-01
    6.7809762203E+01    2.3408952793E+00    4.3598886164E-03    2.5226008273E-03    1.6482995543E-01
    6.7897371715E+01    2.3425336563E+00    4.3601859273E-03    2.5222568185E-03    1.6494044981E-01
    6.7984981227E+01    2.3441718633E+00    4.3604830015E-03    2.5219131539E-03    1.6505092913E-01
    6.8072590738E+01    2.3458099004E+00    4.3607798393E-03    2.5215698329E-03    1.6516139340E-01
    6.8160200250E+01    2.3474477678E+00    4.3610764412E-03    2.5212268548E-03    1.6527184264E-01
    6.8247809762E+01    2.3490854657E+00    4.3613728074E-03    2.5208842190E-03    1.6538227686E-01
    6.8335419274E+01    2.3507229942E+00    4.3616689385E-03    2.5205419249E-03    1.6549269608E-01
    6.8423028786E+01    2.3523603536E+00    4.3619648347E-03    2.5201999718E-03    1.6560310031E-01
    6.8510638298E+01    2.3539975440E+00    4.3622604965E-03    2.5198583592E-03    1.6571348958E-01
    6.8598247810E+01    2.3556345655E+00    4.3625559242E-03    2.5195170865E-03    1.6582386388E-01
    6.8685857322E+01    2.3572714183E+00    4.3628511182E-03    2.5191761530E-03    1.6593422325E-01
    6.8773466834E+01    2.3589081026E+00    4.3631460788E-03    2.5188355580E-03    1.6604456768E-01
    6.8861076345E+01    2.3605446186E+00    4.3634408065E-03    2.5184953011E-03    1.6615489721E-01
    6.8948685857E+01    2.3621809664E+00    4.3637353016E-03    2.5181553815E-03    1.6626521183E-01
    6.9036295369E+01    2.3638171462E+00    4.3640295645E-03    2.5178157988E-03    1.6637551158E-01
    6.9123904881E+01    2.3654531582E+00    4.3643235955E-03    2.5174765521E-03    1.6648579646E-01
    6.9211514393E+01    2.3670890025E+00    4.3646173950E-03    2.5171376411E-03    1.6659606648E-01
    6.9299123905E+01    2.3687246793E+00    4.3649109635E-03    2.5167990649E-03    1.6670632166E-01
    6.9386733417E+01    2.3703601888E+00    4.3652043012E-03    2.5164608232E-03    1.6681656202E-01
    6.9474342929E+01    2.3719955311E+00    4.3654974085E-03    2.5161229152E-03    1.6692678757E-01
    6.9561952441E+01    2.3736307064E+00    4.3657902858E-03    2.5157853403E-03    1.6703699833E-01
    6.9649561952E+01    2.3752657149E+00    4.3660829334E-03    2.5154480980E-03    1.6714719431E-01
    6.9737171464E+01    2.3769005567E+00    4.3663753518E-03    2.5151111876E-03    1.6725737552E-01
    6.9824780976E+01    2.3785352320E+00    4.3666675412E-03    2.5147746086E-03    1.6736754198E-01
    6.9912390488E+01    2.3801697409E+00    4.3669595021E-03    2.5144383603E-03    1.6747769370E-01
    7.0000000000E+01    2.3818040837E+00    4.3672512347E-03    2.5141024422E-03    1.6758783070E-01
    7.0087609512E+01    2.3834382604E+00    4.3675427396E-03    2.5137668537E-03    1.6769795300E-01
    7.0175219024E+01    2.3850722713E+00    4.3678340169E-03    2.5134315942E-03    1.6780806060E-01
    7.0262828536E+01    2.3867061165E+00    4.3681250672E-03    2.5130966631E-03    1.6791815352E-01
    7.0350438048E+01    2.3883397962E+00    4.3684158907E-03    2.5127620598E-03    1.6802823178E-01
