   0.0000000000000000        8.7609511889862324E-002
   8.7609511889862324E-002   8.7609511889862324E-002
  0.17521902377972465        8.7609511889862324E-002
  0.26282853566958697        8.7609511889862324E-002
  0.35043804755944929        8.7609511889862324E-002
  0.43804755944931162        8.7609511889862324E-002
  0.52565707133917394        8.7609511889862324E-002
  0.61326658322903627        8.7609511889862324E-002
  0.70087609511889859        8.7609511889862324E-002
  0.78848560700876091        8.7609511889862324E-002
  0.87609511889862324        8.7609511889862324E-002
  0.96370463078848556        8.7609511889862324E-002
   1.0513141426783479        8.7609511889862324E-002
   1.1389236545682102        8.7609511889862324E-002
   1.2265331664580725        8.7609511889862324E-002
   1.3141426783479349        8.7609511889862324E-002
   1.4017521902377972        8.7609511889862324E-002
   1.4893617021276595        8.7609511889862324E-002
   1.5769712140175218        8.7609511889862324E-002
   1.6645807259073842        8.7609511889862324E-002
   1.7521902377972465        8.7609511889862324E-002
   1.8397997496871088        8.7609511889862351E-002
   1.9274092615769711        8.7609511889862157E-002
   2.0150187734668332        8.7609511889862296E-002
   2.1026282853566958        8.7609511889862657E-002
   2.1902377972465583        8.7609511889862324E-002
   2.2778473091364204        8.7609511889861991E-002
   2.3654568210262825        8.7609511889862324E-002
   2.4530663329161451        8.7609511889862657E-002
   2.5406758448060076        8.7609511889862324E-002
   2.6282853566958697        8.7609511889861991E-002
   2.7158948685857318        8.7609511889862324E-002
   2.8035043804755944        8.7609511889862657E-002
   2.8911138923654569        8.7609511889862324E-002
   2.9787234042553190        8.7609511889861991E-002
   3.0663329161451811        8.7609511889862324E-002
   3.1539424280350437        8.7609511889862657E-002
   3.2415519399249062        8.7609511889862324E-002
   3.3291614518147683        8.7609511889861991E-002
   3.4167709637046304        8.7609511889862324E-002
   3.5043804755944929        8.7609511889862657E-002
   3.5919899874843555        8.7609511889862324E-002
   3.6795994993742176        8.7609511889861991E-002
   3.7672090112640797        8.7609511889862324E-002
   3.8548185231539422        8.7609511889862712E-002
   3.9424280350438048        8.7609511889861991E-002
   4.0300375469336664        8.7609511889861991E-002
   4.1176470588235290        8.7609511889862657E-002
   4.2052565707133915        8.7609511889862518E-002
   4.2928660826032541        8.7609511889862657E-002
   4.3804755944931166        8.7609511889861991E-002
   4.4680851063829783        8.7609511889861991E-002
   4.5556946182728408        8.7609511889862796E-002
   4.6433041301627034        8.7609511889861991E-002
   4.7309136420525650        8.7609511889861991E-002
   4.8185231539424276        8.7609511889862657E-002
   4.9061326658322901        8.7609511889862518E-002
   4.9937421777221527        8.7609511889862657E-002
   5.0813516896120152        8.7609511889861991E-002
   5.1689612015018769        8.7609511889861991E-002
   5.2565707133917394        8.7609511889862796E-002
   5.3441802252816020        8.7609511889861991E-002
   5.4317897371714636        8.7609511889861991E-002
   5.5193992490613262        8.7609511889862657E-002
   5.6070087609511887        8.7609511889862518E-002
   5.6946182728410513        8.7609511889862657E-002
   5.7822277847309138        8.7609511889861991E-002
   5.8698372966207755        8.7609511889861991E-002
   5.9574468085106380        8.7609511889862796E-002
   6.0450563204005006        8.7609511889861991E-002
   6.1326658322903622        8.7609511889861991E-002
   6.2202753441802248        8.7609511889862657E-002
   6.3078848560700873        8.7609511889862518E-002
   6.3954943679599499        8.7609511889862657E-002
   6.4831038798498124        8.7609511889861991E-002
   6.5707133917396741        8.7609511889861991E-002
   6.6583229036295366        8.7609511889862796E-002
   6.7459324155193992        8.7609511889861991E-002
   6.8335419274092608        8.7609511889861991E-002
   6.9211514392991234        8.7609511889862657E-002
   7.0087609511889859        8.7609511889862518E-002
   7.0963704630788484        8.7609511889862657E-002
   7.1839799749687110        8.7609511889861991E-002
   7.2715894868585726        8.7609511889861991E-002
   7.3591989987484352        8.7609511889862796E-002
   7.4468085106382977        8.7609511889861991E-002
   7.5344180225281594        8.7609511889861991E-002
   7.6220275344180219        8.7609511889862657E-002
   7.7096370463078845        8.7609511889862518E-002
   7.7972465581977470        8.7609511889862657E-002
   7.8848560700876096        8.7609511889862129E-002
   7.9724655819774712        8.7609511889861463E-002
   8.0600750938673329        8.7609511889862129E-002
   8.1476846057571954        8.7609511889862657E-002
   8.2352941176470580        8.7609511889862518E-002
   8.3229036295369205        8.7609511889862546E-002
   8.4105131414267831        8.7609511889862546E-002
   8.4981226533166456        8.7609511889862546E-002
   8.5857321652065082        8.7609511889862518E-002
   8.6733416770963707        8.7609511889862796E-002
   8.7609511889862333        8.7609511889861463E-002
   8.8485607008760940        8.7609511889861463E-002
   8.9361702127659566        8.7609511889862796E-002
   9.0237797246558191        8.7609511889862518E-002
   9.1113892365456817        8.7609511889862546E-002
   9.1989987484355442        8.7609511889862518E-002
   9.2866082603254068        8.7609511889862796E-002
   9.3742177722152693        8.7609511889861463E-002
   9.4618272841051301        8.7609511889861463E-002
   9.5494367959949926        8.7609511889862796E-002
   9.6370463078848552        8.7609511889862518E-002
   9.7246558197747177        8.7609511889862546E-002
   9.8122653316645803        8.7609511889862546E-002
   9.8998748435544428        8.7609511889862546E-002
   9.9874843554443054        8.7609511889862518E-002
   10.075093867334168        8.7609511889862796E-002
   10.162703379224030        8.7609511889861463E-002
   10.250312891113891        8.7609511889861463E-002
   10.337922403003754        8.7609511889862796E-002
   10.425531914893616        8.7609511889862518E-002
   10.513141426783479        8.7609511889862546E-002
   10.600750938673341        8.7609511889862518E-002
   10.688360450563204        8.7609511889862796E-002
   10.775969962453066        8.7609511889861463E-002
   10.863579474342927        8.7609511889861463E-002
   10.951188986232790        8.7609511889862796E-002
   11.038798498122652        8.7609511889862518E-002
   11.126408010012515        8.7609511889862546E-002
   11.214017521902377        8.7609511889862546E-002
   11.301627033792240        8.7609511889862546E-002
   11.389236545682103        8.7609511889862518E-002
   11.476846057571965        8.7609511889862796E-002
   11.564455569461828        8.7609511889861463E-002
   11.652065081351688        8.7609511889861463E-002
   11.739674593241551        8.7609511889862796E-002
   11.827284105131413        8.7609511889862518E-002
   11.914893617021276        8.7609511889862546E-002
   12.002503128911139        8.7609511889862518E-002
   12.090112640801001        8.7609511889862796E-002
   12.177722152690864        8.7609511889861463E-002
   12.265331664580724        8.7609511889861463E-002
   12.352941176470587        8.7609511889862796E-002
   12.440550688360450        8.7609511889862518E-002
   12.528160200250312        8.7609511889862546E-002
   12.615769712140175        8.7609511889862546E-002
   12.703379224030037        8.7609511889862546E-002
   12.790988735919900        8.7609511889862518E-002
   12.878598247809762        8.7609511889862796E-002
   12.966207759699625        8.7609511889861463E-002
   13.053817271589486        8.7609511889861463E-002
   13.141426783479348        8.7609511889862796E-002
   13.229036295369211        8.7609511889862518E-002
   13.316645807259073        8.7609511889862546E-002
   13.404255319148936        8.7609511889862518E-002
   13.491864831038798        8.7609511889862796E-002
   13.579474342928661        8.7609511889861463E-002
   13.667083854818522        8.7609511889861463E-002
   13.754693366708384        8.7609511889862796E-002
   13.842302878598247        8.7609511889862518E-002
   13.929912390488109        8.7609511889862546E-002
   14.017521902377972        8.7609511889862546E-002
   14.105131414267834        8.7609511889862546E-002
   14.192740926157697        8.7609511889862518E-002
   14.280350438047559        8.7609511889862796E-002
   14.367959949937422        8.7609511889861463E-002
   14.455569461827283        8.7609511889861463E-002
   14.543178973717145        8.7609511889862796E-002
   14.630788485607008        8.7609511889862518E-002
   14.718397997496870        8.7609511889862546E-002
   14.806007509386733        8.7609511889862518E-002
   14.893617021276595        8.7609511889862796E-002
   14.981226533166458        8.7609511889861463E-002
   15.068836045056319        8.7609511889861463E-002
   15.156445556946181        8.7609511889862796E-002
   15.244055068836044        8.7609511889862518E-002
   15.331664580725906        8.7609511889862546E-002
   15.419274092615769        8.7609511889862546E-002
   15.506883604505632        8.7609511889862546E-002
   15.594493116395494        8.7609511889862518E-002
   15.682102628285357        8.7609511889862796E-002
   15.769712140175219        8.7609511889861491E-002
   15.857321652065080        8.7609511889861144E-002
   15.944931163954942        8.7609511889864350E-002
   16.032540675844807        8.7609511889861422E-002
   16.120150187734666        8.7609511889860131E-002
   16.207759699624528        8.7609511889863045E-002
   16.295369211514391        8.7609511889862476E-002
   16.382978723404253        8.7609511889862546E-002
   16.470588235294116        8.7609511889862546E-002
   16.558197747183979        8.7609511889862546E-002
   16.645807259073841        8.7609511889862546E-002
   16.733416770963704        8.7609511889862546E-002
   16.821026282853566        8.7609511889862546E-002
   16.908635794743429        8.7609511889862546E-002
   16.996245306633291        8.7609511889862546E-002
   17.083854818523154        8.7609511889862546E-002
   17.171464330413016        8.7609511889862546E-002
   17.259073842302879        8.7609511889862546E-002
   17.346683354192741        8.7609511889862476E-002
   17.434292866082604        8.7609511889863018E-002
   17.521902377972467        8.7609511889860353E-002
   17.609511889862326        8.7609511889860353E-002
   17.697121401752188        8.7609511889863018E-002
   17.784730913642051        8.7609511889862476E-002
   17.872340425531913        8.7609511889862546E-002
   17.959949937421776        8.7609511889862546E-002
   18.047559449311638        8.7609511889862546E-002
   18.135168961201501        8.7609511889862546E-002
   18.222778473091363        8.7609511889862546E-002
   18.310387984981226        8.7609511889862546E-002
   18.397997496871088        8.7609511889862546E-002
   18.485607008760951        8.7609511889862546E-002
   18.573216520650814        8.7609511889862546E-002
   18.660826032540676        8.7609511889862476E-002
   18.748435544430539        8.7609511889863018E-002
   18.836045056320401        8.7609511889860353E-002
   18.923654568210260        8.7609511889860353E-002
   19.011264080100123        8.7609511889863018E-002
   19.098873591989985        8.7609511889862476E-002
   19.186483103879848        8.7609511889862546E-002
   19.274092615769710        8.7609511889862546E-002
   19.361702127659573        8.7609511889862546E-002
   19.449311639549435        8.7609511889862546E-002
   19.536921151439298        8.7609511889862546E-002
   19.624530663329161        8.7609511889862546E-002
   19.712140175219023        8.7609511889862546E-002
   19.799749687108886        8.7609511889862546E-002
   19.887359198998748        8.7609511889862546E-002
   19.974968710888611        8.7609511889862546E-002
   20.062578222778473        8.7609511889862546E-002
   20.150187734668336        8.7609511889862476E-002
   20.237797246558198        8.7609511889863018E-002
   20.325406758448061        8.7609511889860353E-002
   20.413016270337920        8.7609511889860353E-002
   20.500625782227782        8.7609511889863018E-002
   20.588235294117645        8.7609511889862476E-002
   20.675844806007508        8.7609511889862546E-002
   20.763454317897370        8.7609511889862546E-002
   20.851063829787233        8.7609511889862546E-002
   20.938673341677095        8.7609511889862546E-002
   21.026282853566958        8.7609511889862546E-002
   21.113892365456820        8.7609511889862546E-002
   21.201501877346683        8.7609511889862546E-002
   21.289111389236545        8.7609511889862546E-002
   21.376720901126408        8.7609511889862546E-002
   21.464330413016270        8.7609511889862476E-002
   21.551939924906133        8.7609511889863018E-002
   21.639549436795996        8.7609511889860353E-002
   21.727158948685855        8.7609511889860353E-002
   21.814768460575717        8.7609511889863018E-002
   21.902377972465580        8.7609511889862476E-002
   21.989987484355442        8.7609511889862546E-002
   22.077596996245305        8.7609511889862546E-002
   22.165206508135167        8.7609511889862546E-002
   22.252816020025030        8.7609511889862546E-002
   22.340425531914892        8.7609511889862546E-002
   22.428035043804755        8.7609511889862546E-002
   22.515644555694617        8.7609511889862546E-002
   22.603254067584480        8.7609511889862546E-002
   22.690863579474343        8.7609511889862546E-002
   22.778473091364205        8.7609511889862546E-002
   22.866082603254068        8.7609511889862546E-002
   22.953692115143930        8.7609511889862476E-002
   23.041301627033793        8.7609511889863018E-002
   23.128911138923655        8.7609511889860353E-002
   23.216520650813514        8.7609511889860353E-002
   23.304130162703377        8.7609511889863018E-002
   23.391739674593239        8.7609511889862476E-002
   23.479349186483102        8.7609511889862546E-002
   23.566958698372964        8.7609511889862546E-002
   23.654568210262827        8.7609511889862546E-002
   23.742177722152690        8.7609511889862546E-002
   23.829787234042552        8.7609511889862546E-002
   23.917396745932415        8.7609511889862546E-002
   24.005006257822277        8.7609511889862546E-002
   24.092615769712140        8.7609511889862546E-002
   24.180225281602002        8.7609511889862546E-002
   24.267834793491865        8.7609511889862476E-002
   24.355444305381727        8.7609511889863018E-002
   24.443053817271590        8.7609511889860353E-002
   24.530663329161449        8.7609511889860353E-002
   24.618272841051311        8.7609511889863018E-002
   24.705882352941174        8.7609511889862476E-002
   24.793491864831037        8.7609511889862546E-002
   24.881101376720899        8.7609511889862546E-002
   24.968710888610762        8.7609511889862546E-002
   25.056320400500624        8.7609511889862546E-002
   25.143929912390487        8.7609511889862546E-002
   25.231539424280349        8.7609511889862546E-002
   25.319148936170212        8.7609511889862546E-002
   25.406758448060074        8.7609511889862546E-002
   25.494367959949937        8.7609511889862546E-002
   25.581977471839799        8.7609511889862546E-002
   25.669586983729662        8.7609511889862546E-002
   25.757196495619525        8.7609511889862476E-002
   25.844806007509387        8.7609511889863018E-002
   25.932415519399250        8.7609511889860353E-002
   26.020025031289109        8.7609511889860353E-002
   26.107634543178971        8.7609511889863018E-002
   26.195244055068834        8.7609511889862476E-002
   26.282853566958696        8.7609511889862546E-002
   26.370463078848559        8.7609511889862546E-002
   26.458072590738421        8.7609511889862546E-002
   26.545682102628284        8.7609511889862546E-002
   26.633291614518146        8.7609511889862546E-002
   26.720901126408009        8.7609511889862546E-002
   26.808510638297872        8.7609511889862546E-002
   26.896120150187734        8.7609511889862546E-002
   26.983729662077597        8.7609511889862546E-002
   27.071339173967459        8.7609511889862476E-002
   27.158948685857322        8.7609511889863018E-002
   27.246558197747184        8.7609511889860353E-002
   27.334167709637043        8.7609511889860353E-002
   27.421777221526906        8.7609511889863018E-002
   27.509386733416768        8.7609511889862476E-002
   27.596996245306631        8.7609511889862546E-002
   27.684605757196493        8.7609511889862546E-002
   27.772215269086356        8.7609511889862546E-002
   27.859824780976219        8.7609511889862546E-002
   27.947434292866081        8.7609511889862546E-002
   28.035043804755944        8.7609511889862546E-002
   28.122653316645806        8.7609511889862546E-002
   28.210262828535669        8.7609511889862546E-002
   28.297872340425531        8.7609511889862546E-002
   28.385481852315394        8.7609511889862546E-002
   28.473091364205256        8.7609511889862546E-002
   28.560700876095119        8.7609511889862476E-002
   28.648310387984981        8.7609511889863018E-002
   28.735919899874844        8.7609511889860353E-002
   28.823529411764703        8.7609511889860353E-002
   28.911138923654566        8.7609511889863018E-002
   28.998748435544428        8.7609511889862476E-002
   29.086357947434291        8.7609511889862546E-002
   29.173967459324153        8.7609511889862546E-002
   29.261576971214016        8.7609511889862546E-002
   29.349186483103878        8.7609511889862546E-002
   29.436795994993741        8.7609511889862546E-002
   29.524405506883603        8.7609511889862546E-002
   29.612015018773466        8.7609511889862546E-002
   29.699624530663328        8.7609511889862546E-002
   29.787234042553191        8.7609511889862546E-002
   29.874843554443054        8.7609511889862476E-002
   29.962453066332916        8.7609511889863018E-002
   30.050062578222779        8.7609511889860353E-002
   30.137672090112638        8.7609511889860353E-002
   30.225281602002500        8.7609511889863018E-002
   30.312891113892363        8.7609511889862476E-002
   30.400500625782225        8.7609511889862546E-002
   30.488110137672088        8.7609511889862546E-002
   30.575719649561950        8.7609511889862546E-002
   30.663329161451813        8.7609511889862546E-002
   30.750938673341675        8.7609511889862546E-002
   30.838548185231538        8.7609511889862546E-002
   30.926157697121401        8.7609511889862546E-002
   31.013767209011263        8.7609511889862546E-002
   31.101376720901126        8.7609511889862546E-002
   31.188986232790988        8.7609511889862546E-002
   31.276595744680851        8.7609511889862546E-002
   31.364205256570713        8.7609511889862476E-002
   31.451814768460576        8.7609511889863018E-002
   31.539424280350438        8.7609511889860353E-002
   31.627033792240297        8.7609511889860353E-002
   31.714643304130160        8.7609511889863018E-002
   31.802252816020022        8.7609511889862546E-002
   31.889862327909885        8.7609511889862018E-002
   31.977471839799747        8.7609511889865141E-002
   32.065081351689614        8.7609511889863087E-002
   32.152690863579473        8.7609511889857147E-002
   32.240300375469332        8.7609511889863628E-002
   32.327909887359198        8.7609511889862421E-002
   32.415519399249057        8.7609511889862546E-002
   32.503128911138923        8.7609511889862546E-002
   32.590738423028782        8.7609511889862546E-002
   32.678347934918648        8.7609511889862546E-002
   32.765957446808507        8.7609511889862546E-002
   32.853566958698373        8.7609511889862546E-002
   32.941176470588232        8.7609511889862546E-002
   33.028785982478098        8.7609511889862546E-002
   33.116395494367957        8.7609511889862546E-002
   33.204005006257823        8.7609511889862546E-002
   33.291614518147682        8.7609511889862546E-002
   33.379224030037548        8.7609511889862546E-002
   33.466833541927407        8.7609511889862421E-002
   33.554443053817273        8.7609511889863628E-002
   33.642052565707132        8.7609511889857092E-002
   33.729662077596991        8.7609511889863628E-002
   33.817271589486857        8.7609511889862421E-002
   33.904881101376716        8.7609511889862546E-002
   33.992490613266582        8.7609511889862546E-002
   34.080100125156441        8.7609511889862546E-002
   34.167709637046308        8.7609511889862546E-002
   34.255319148936167        8.7609511889862546E-002
   34.342928660826033        8.7609511889862546E-002
   34.430538172715892        8.7609511889862546E-002
   34.518147684605758        8.7609511889862546E-002
   34.605757196495617        8.7609511889862546E-002
   34.693366708385483        8.7609511889862546E-002
   34.780976220275342        8.7609511889862546E-002
   34.868585732165208        8.7609511889862546E-002
   34.956195244055067        8.7609511889862421E-002
   35.043804755944933        8.7609511889863628E-002
   35.131414267834792        8.7609511889857092E-002
   35.219023779724651        8.7609511889863628E-002
   35.306633291614517        8.7609511889862421E-002
   35.394242803504376        8.7609511889862546E-002
   35.481852315394242        8.7609511889862546E-002
   35.569461827284101        8.7609511889862546E-002
   35.657071339173967        8.7609511889862546E-002
   35.744680851063826        8.7609511889862546E-002
   35.832290362953692        8.7609511889862546E-002
   35.919899874843551        8.7609511889862546E-002
   36.007509386733418        8.7609511889862546E-002
   36.095118898623276        8.7609511889862546E-002
   36.182728410513143        8.7609511889862546E-002
   36.270337922403002        8.7609511889862421E-002
   36.357947434292868        8.7609511889863628E-002
   36.445556946182727        8.7609511889857092E-002
   36.533166458072586        8.7609511889863628E-002
   36.620775969962452        8.7609511889862421E-002
   36.708385481852311        8.7609511889862546E-002
   36.795994993742177        8.7609511889862546E-002
   36.883604505632036        8.7609511889862546E-002
   36.971214017521902        8.7609511889862546E-002
   37.058823529411761        8.7609511889862546E-002
   37.146433041301627        8.7609511889862546E-002
   37.234042553191486        8.7609511889862546E-002
   37.321652065081352        8.7609511889862546E-002
   37.409261576971211        8.7609511889862546E-002
   37.496871088861077        8.7609511889862546E-002
   37.584480600750936        8.7609511889862421E-002
   37.672090112640802        8.7609511889863628E-002
   37.759699624530661        8.7609511889857092E-002
   37.847309136420520        8.7609511889863628E-002
   37.934918648310386        8.7609511889862421E-002
   38.022528160200245        8.7609511889862546E-002
   38.110137672090111        8.7609511889862546E-002
   38.197747183979970        8.7609511889862546E-002
   38.285356695869837        8.7609511889862546E-002
   38.372966207759696        8.7609511889862546E-002
   38.460575719649562        8.7609511889862546E-002
   38.548185231539421        8.7609511889862546E-002
   38.635794743429287        8.7609511889862546E-002
   38.723404255319146        8.7609511889862546E-002
   38.811013767209012        8.7609511889862546E-002
   38.898623279098871        8.7609511889862546E-002
   38.986232790988737        8.7609511889862546E-002
   39.073842302878596        8.7609511889862421E-002
   39.161451814768462        8.7609511889863628E-002
   39.249061326658321        8.7609511889857092E-002
   39.336670838548180        8.7609511889863628E-002
   39.424280350438046        8.7609511889862421E-002
   39.511889862327905        8.7609511889862546E-002
   39.599499374217771        8.7609511889862546E-002
   39.687108886107630        8.7609511889862546E-002
   39.774718397997496        8.7609511889862546E-002
   39.862327909887355        8.7609511889862546E-002
   39.949937421777221        8.7609511889862546E-002
   40.037546933667080        8.7609511889862546E-002
   40.125156445556946        8.7609511889862546E-002
   40.212765957446805        8.7609511889862546E-002
   40.300375469336672        8.7609511889862546E-002
   40.387984981226531        8.7609511889862546E-002
   40.475594493116397        8.7609511889862546E-002
   40.563204005006256        8.7609511889862421E-002
   40.650813516896122        8.7609511889863628E-002
   40.738423028785981        8.7609511889857092E-002
   40.826032540675840        8.7609511889863628E-002
   40.913642052565706        8.7609511889862421E-002
   41.001251564455565        8.7609511889862546E-002
   41.088861076345431        8.7609511889862546E-002
   41.176470588235290        8.7609511889862546E-002
   41.264080100125156        8.7609511889862546E-002
   41.351689612015015        8.7609511889862546E-002
   41.439299123904881        8.7609511889862546E-002
   41.526908635794740        8.7609511889862546E-002
   41.614518147684606        8.7609511889862546E-002
   41.702127659574465        8.7609511889862546E-002
   41.789737171464331        8.7609511889862546E-002
   41.877346683354190        8.7609511889862421E-002
   41.964956195244056        8.7609511889863628E-002
   42.052565707133915        8.7609511889857092E-002
   42.140175219023774        8.7609511889863628E-002
   42.227784730913640        8.7609511889862421E-002
   42.315394242803499        8.7609511889862546E-002
   42.403003754693366        8.7609511889862546E-002
   42.490613266583225        8.7609511889862546E-002
   42.578222778473091        8.7609511889862546E-002
   42.665832290362950        8.7609511889862546E-002
   42.753441802252816        8.7609511889862546E-002
   42.841051314142675        8.7609511889862546E-002
   42.928660826032541        8.7609511889862546E-002
   43.016270337922400        8.7609511889862546E-002
   43.103879849812266        8.7609511889862546E-002
   43.191489361702125        8.7609511889862421E-002
   43.279098873591991        8.7609511889863628E-002
   43.366708385481850        8.7609511889857092E-002
   43.454317897371709        8.7609511889863628E-002
   43.541927409261575        8.7609511889862421E-002
   43.629536921151434        8.7609511889862546E-002
   43.717146433041300        8.7609511889862546E-002
   43.804755944931159        8.7609511889862546E-002
   43.892365456821025        8.7609511889862546E-002
   43.979974968710884        8.7609511889862546E-002
   44.067584480600750        8.7609511889862546E-002
   44.155193992490609        8.7609511889862546E-002
   44.242803504380475        8.7609511889862546E-002
   44.330413016270334        8.7609511889862546E-002
   44.418022528160201        8.7609511889862546E-002
   44.505632040050060        8.7609511889862546E-002
   44.593241551939926        8.7609511889862546E-002
   44.680851063829785        8.7609511889862421E-002
   44.768460575719651        8.7609511889863628E-002
   44.856070087609510        8.7609511889857092E-002
   44.943679599499369        8.7609511889863628E-002
   45.031289111389235        8.7609511889862421E-002
   45.118898623279094        8.7609511889862546E-002
   45.206508135168960        8.7609511889862546E-002
   45.294117647058819        8.7609511889862546E-002
   45.381727158948685        8.7609511889862546E-002
   45.469336670838544        8.7609511889862546E-002
   45.556946182728410        8.7609511889862546E-002
   45.644555694618269        8.7609511889862546E-002
   45.732165206508135        8.7609511889862546E-002
   45.819774718397994        8.7609511889862546E-002
   45.907384230287860        8.7609511889862546E-002
   45.994993742177719        8.7609511889862546E-002
   46.082603254067585        8.7609511889862546E-002
   46.170212765957444        8.7609511889862421E-002
   46.257822277847310        8.7609511889863628E-002
   46.345431789737169        8.7609511889857092E-002
   46.433041301627028        8.7609511889863628E-002
   46.520650813516895        8.7609511889862421E-002
   46.608260325406754        8.7609511889862546E-002
   46.695869837296620        8.7609511889862546E-002
   46.783479349186479        8.7609511889862546E-002
   46.871088861076345        8.7609511889862546E-002
   46.958698372966204        8.7609511889862546E-002
   47.046307884856070        8.7609511889862546E-002
   47.133917396745929        8.7609511889862546E-002
   47.221526908635795        8.7609511889862546E-002
   47.309136420525654        8.7609511889862546E-002
   47.396745932415520        8.7609511889862546E-002
   47.484355444305379        8.7609511889862421E-002
   47.571964956195245        8.7609511889863628E-002
   47.659574468085104        8.7609511889857092E-002
   47.747183979974963        8.7609511889863628E-002
   47.834793491864829        8.7609511889862421E-002
   47.922403003754688        8.7609511889862546E-002
   48.010012515644554        8.7609511889862546E-002
   48.097622027534413        8.7609511889862546E-002
   48.185231539424279        8.7609511889862546E-002
   48.272841051314138        8.7609511889862546E-002
   48.360450563204004        8.7609511889862546E-002
   48.448060075093863        8.7609511889862546E-002
   48.535669586983730        8.7609511889862546E-002
   48.623279098873589        8.7609511889862546E-002
   48.710888610763455        8.7609511889862546E-002
   48.798498122653314        8.7609511889862421E-002
   48.886107634543180        8.7609511889863628E-002
   48.973717146433039        8.7609511889857092E-002
   49.061326658322898        8.7609511889863628E-002
   49.148936170212764        8.7609511889862421E-002
   49.236545682102623        8.7609511889862546E-002
   49.324155193992489        8.7609511889862546E-002
   49.411764705882348        8.7609511889862546E-002
   49.499374217772214        8.7609511889862546E-002
   49.586983729662073        8.7609511889862546E-002
   49.674593241551939        8.7609511889862546E-002
   49.762202753441798        8.7609511889862546E-002
   49.849812265331664        8.7609511889862546E-002
   49.937421777221523        8.7609511889862546E-002
   50.025031289111389        8.7609511889862546E-002
   50.112640801001248        8.7609511889862546E-002
   50.200250312891114        8.7609511889862546E-002
   50.287859824780973        8.7609511889862421E-002
   50.375469336670839        8.7609511889863628E-002
   50.463078848560698        8.7609511889857092E-002
   50.550688360450557        8.7609511889863628E-002
   50.638297872340424        8.7609511889862421E-002
   50.725907384230283        8.7609511889862546E-002
   50.813516896120149        8.7609511889862546E-002
   50.901126408010008        8.7609511889862546E-002
   50.988735919899874        8.7609511889862546E-002
   51.076345431789733        8.7609511889862546E-002
   51.163954943679599        8.7609511889862546E-002
   51.251564455569458        8.7609511889862546E-002
   51.339173967459324        8.7609511889862546E-002
   51.426783479349183        8.7609511889862546E-002
   51.514392991239049        8.7609511889862546E-002
   51.602002503128908        8.7609511889862546E-002
   51.689612015018774        8.7609511889862546E-002
   51.777221526908633        8.7609511889862421E-002
   51.864831038798499        8.7609511889863628E-002
   51.952440550688358        8.7609511889857092E-002
   52.040050062578217        8.7609511889863628E-002
   52.127659574468083        8.7609511889862421E-002
   52.215269086357942        8.7609511889862546E-002
   52.302878598247808        8.7609511889862546E-002
   52.390488110137667        8.7609511889862546E-002
   52.478097622027533        8.7609511889862546E-002
   52.565707133917392        8.7609511889862546E-002
   52.653316645807259        8.7609511889862546E-002
   52.740926157697118        8.7609511889862546E-002
   52.828535669586984        8.7609511889862546E-002
   52.916145181476843        8.7609511889862546E-002
   53.003754693366709        8.7609511889862546E-002
   53.091364205256568        8.7609511889862421E-002
   53.178973717146434        8.7609511889863628E-002
   53.266583229036293        8.7609511889857092E-002
   53.354192740926152        8.7609511889863628E-002
   53.441802252816018        8.7609511889862421E-002
   53.529411764705877        8.7609511889862546E-002
   53.617021276595743        8.7609511889862546E-002
   53.704630788485602        8.7609511889862546E-002
   53.792240300375468        8.7609511889862546E-002
   53.879849812265327        8.7609511889862546E-002
   53.967459324155193        8.7609511889862546E-002
   54.055068836045052        8.7609511889862546E-002
   54.142678347934918        8.7609511889862546E-002
   54.230287859824777        8.7609511889862546E-002
   54.317897371714643        8.7609511889862546E-002
   54.405506883604502        8.7609511889862421E-002
   54.493116395494368        8.7609511889863628E-002
   54.580725907384227        8.7609511889857092E-002
   54.668335419274086        8.7609511889863628E-002
   54.755944931163953        8.7609511889862421E-002
   54.843554443053812        8.7609511889862546E-002
   54.931163954943678        8.7609511889862546E-002
   55.018773466833537        8.7609511889862546E-002
   55.106382978723403        8.7609511889862546E-002
   55.193992490613262        8.7609511889862546E-002
   55.281602002503128        8.7609511889862546E-002
   55.369211514392987        8.7609511889862546E-002
   55.456821026282853        8.7609511889862546E-002
   55.544430538172712        8.7609511889862546E-002
   55.632040050062578        8.7609511889862546E-002
   55.719649561952437        8.7609511889862546E-002
   55.807259073842303        8.7609511889862546E-002
   55.894868585732162        8.7609511889862421E-002
   55.982478097622028        8.7609511889863628E-002
   56.070087609511887        8.7609511889857092E-002
   56.157697121401746        8.7609511889863628E-002
   56.245306633291612        8.7609511889862421E-002
   56.332916145181471        8.7609511889862546E-002
   56.420525657071337        8.7609511889862546E-002
   56.508135168961196        8.7609511889862546E-002
   56.595744680851062        8.7609511889862546E-002
   56.683354192740921        8.7609511889862546E-002
   56.770963704630788        8.7609511889862546E-002
   56.858573216520647        8.7609511889862546E-002
   56.946182728410513        8.7609511889862546E-002
   57.033792240300372        8.7609511889862546E-002
   57.121401752190238        8.7609511889862546E-002
   57.209011264080097        8.7609511889862546E-002
   57.296620775969963        8.7609511889862546E-002
   57.384230287859822        8.7609511889862421E-002
   57.471839799749688        8.7609511889863628E-002
   57.559449311639547        8.7609511889857092E-002
   57.647058823529406        8.7609511889863628E-002
   57.734668335419272        8.7609511889862421E-002
   57.822277847309131        8.7609511889862546E-002
   57.909887359198997        8.7609511889862546E-002
   57.997496871088856        8.7609511889862546E-002
   58.085106382978722        8.7609511889862546E-002
   58.172715894868581        8.7609511889862546E-002
   58.260325406758447        8.7609511889862546E-002
   58.347934918648306        8.7609511889862546E-002
   58.435544430538172        8.7609511889862546E-002
   58.523153942428031        8.7609511889862546E-002
   58.610763454317897        8.7609511889862546E-002
   58.698372966207756        8.7609511889862421E-002
   58.785982478097623        8.7609511889863628E-002
   58.873591989987482        8.7609511889857092E-002
   58.961201501877341        8.7609511889863628E-002
   59.048811013767207        8.7609511889862421E-002
   59.136420525657066        8.7609511889862546E-002
   59.224030037546932        8.7609511889862546E-002
   59.311639549436791        8.7609511889862546E-002
   59.399249061326657        8.7609511889862546E-002
   59.486858573216516        8.7609511889862546E-002
   59.574468085106382        8.7609511889862546E-002
   59.662077596996241        8.7609511889862546E-002
   59.749687108886107        8.7609511889862546E-002
   59.837296620775966        8.7609511889862546E-002
   59.924906132665832        8.7609511889862546E-002
   60.012515644555691        8.7609511889862421E-002
   60.100125156445557        8.7609511889863628E-002
   60.187734668335416        8.7609511889857092E-002
   60.275344180225275        8.7609511889863628E-002
   60.362953692115141        8.7609511889862421E-002
   60.450563204005000        8.7609511889862546E-002
   60.538172715894866        8.7609511889862546E-002
   60.625782227784725        8.7609511889862546E-002
   60.713391739674591        8.7609511889862546E-002
   60.801001251564450        8.7609511889862546E-002
   60.888610763454317        8.7609511889862546E-002
   60.976220275344176        8.7609511889862546E-002
   61.063829787234042        8.7609511889862546E-002
   61.151439299123901        8.7609511889862546E-002
   61.239048811013767        8.7609511889862546E-002
   61.326658322903626        8.7609511889862546E-002
   61.414267834793492        8.7609511889862546E-002
   61.501877346683351        8.7609511889862421E-002
   61.589486858573217        8.7609511889863628E-002
   61.677096370463076        8.7609511889857092E-002
   61.764705882352935        8.7609511889863628E-002
   61.852315394242801        8.7609511889862421E-002
   61.939924906132660        8.7609511889862546E-002
   62.027534418022526        8.7609511889862546E-002
   62.115143929912385        8.7609511889862546E-002
   62.202753441802251        8.7609511889862546E-002
   62.290362953692110        8.7609511889862546E-002
   62.377972465581976        8.7609511889862546E-002
   62.465581977471835        8.7609511889862546E-002
   62.553191489361701        8.7609511889862546E-002
   62.640801001251560        8.7609511889862546E-002
   62.728410513141426        8.7609511889862546E-002
   62.816020025031285        8.7609511889862546E-002
   62.903629536921152        8.7609511889862546E-002
   62.991239048811011        8.7609511889862421E-002
   63.078848560700877        8.7609511889863628E-002
   63.166458072590736        8.7609511889857092E-002
   63.254067584480595        8.7609511889863628E-002
   63.341677096370461        8.7609511889862421E-002
   63.429286608260320        8.7609511889862546E-002
   63.516896120150186        8.7609511889862546E-002
   63.604505632040045        8.7609511889862546E-002
   63.692115143929911        8.7609511889862546E-002
   63.779724655819770        8.7609511889862546E-002
   63.867334167709636        8.7609511889862657E-002
   63.954943679599495        8.7609511889861366E-002
   64.042553191489361        8.7609511889868957E-002
   64.130162703379227        8.7609511889857217E-002
   64.217772215269079        8.7609511889857092E-002
   64.305381727158945        8.7609511889869887E-002
   64.392991239048811        8.7609511889857092E-002
   64.480600750938663        8.7609511889857328E-002
   64.568210262828529        8.7609511889867750E-002
   64.655819774718395        8.7609511889867750E-002
   64.743429286608261        8.7609511889857328E-002
   64.831038798498113        8.7609511889857328E-002
   64.918648310387979        8.7609511889867750E-002
   65.006257822277846        8.7609511889867750E-002
   65.093867334167712        8.7609511889857328E-002
   65.181476846057564        8.7609511889857328E-002
   65.269086357947430        8.7609511889867750E-002
   65.356695869837296        8.7609511889867750E-002
   65.444305381727162        8.7609511889857328E-002
   65.531914893617014        8.7609511889857328E-002
   65.619524405506880        8.7609511889867750E-002
   65.707133917396746        8.7609511889867750E-002
   65.794743429286612        8.7609511889857328E-002
   65.882352941176464        8.7609511889857092E-002
   65.969962453066330        8.7609511889869887E-002
   66.057571964956196        8.7609511889857092E-002
   66.145181476846048        8.7609511889857328E-002
   66.232790988735914        8.7609511889867750E-002
   66.320400500625780        8.7609511889867750E-002
   66.408010012515646        8.7609511889857328E-002
   66.495619524405498        8.7609511889857328E-002
   66.583229036295364        8.7609511889867750E-002
   66.670838548185230        8.7609511889867750E-002
   66.758448060075096        8.7609511889857328E-002
   66.846057571964948        8.7609511889857328E-002
   66.933667083854814        8.7609511889867750E-002
   67.021276595744681        8.7609511889867750E-002
   67.108886107634547        8.7609511889857328E-002
   67.196495619524399        8.7609511889857092E-002
   67.284105131414265        8.7609511889869887E-002
   67.371714643304131        8.7609511889857092E-002
   67.459324155193983        8.7609511889857328E-002
   67.546933667083849        8.7609511889867750E-002
   67.634543178973715        8.7609511889867750E-002
   67.722152690863581        8.7609511889857328E-002
   67.809762202753433        8.7609511889857328E-002
   67.897371714643299        8.7609511889867750E-002
   67.984981226533165        8.7609511889867750E-002
   68.072590738423031        8.7609511889857328E-002
   68.160200250312883        8.7609511889857328E-002
   68.247809762202749        8.7609511889867750E-002
   68.335419274092615        8.7609511889867750E-002
   68.423028785982481        8.7609511889857328E-002
   68.510638297872333        8.7609511889857092E-002
   68.598247809762199        8.7609511889869887E-002
   68.685857321652065        8.7609511889857092E-002
   68.773466833541917        8.7609511889857328E-002
   68.861076345431783        8.7609511889867750E-002
   68.948685857321649        8.7609511889867750E-002
   69.036295369211516        8.7609511889857328E-002
   69.123904881101367        8.7609511889857328E-002
   69.211514392991234        8.7609511889867750E-002
   69.299123904881100        8.7609511889867750E-002
   69.386733416770966        8.7609511889857328E-002
   69.474342928660818        8.7609511889857328E-002
   69.561952440550684        8.7609511889867750E-002
   69.649561952440550        8.7609511889867750E-002
   69.737171464330416        8.7609511889857328E-002
   69.824780976220268        8.7609511889857328E-002
   69.912390488110134        8.7609511889867750E-002
   70.000000000000000        8.7609511889867750E-002
