    2.8148531896E-03    2.0344236869E-04    1.8907560528E-07    7.0672793029E-05   -2.0618468484E-06
    5.6386442530E-03    7.5488091123E-04    1.2705667619E-06    2.2793176796E-04   -1.0883567582E-05
    8.4803394438E-03    1.6434896691E-03    4.4893486341E-06    4.3043416188E-04   -3.1783189120E-05
    1.1348961866E-02    2.8429263855E-03    1.1137671455E-05    6.5189593690E-04   -6.9335231951E-05
    1.4253620124E-02    4.3172319696E-03    2.2881810399E-05    8.7582814160E-04   -1.2821789554E-04
    1.7203537246E-02    5.9621723015E-03    4.0395188503E-05    1.0919683344E-03   -2.0765218302E-04
    2.0208079967E-02    7.6632365683E-03    6.3840472651E-05    1.2968519245E-03   -3.0378236452E-04
    2.3276788474E-02    9.3248016042E-03    9.3522201432E-05    1.4893940482E-03   -4.1267958868E-04
    2.6419406696E-02    1.0831937172E-02    1.3051870065E-04    1.6676720413E-03   -5.3011549930E-04
    2.9645913243E-02    1.2141209584E-02    1.7400891108E-04    1.8348455436E-03   -6.4992358695E-04
    3.2966553094E-02    1.3221923245E-02    2.2394163203E-04    1.9920382371E-03   -7.6818850770E-04
    3.6391870122E-02    1.4015543486E-02    2.8118562982E-04    2.1381583922E-03   -8.8015314643E-04
    3.9932740580E-02    1.4580096882E-02    3.4448969785E-04    2.2760400023E-03   -9.8487438543E-04
    4.3600407630E-02    1.4902824850E-02    4.1435552064E-04    2.4044735049E-03   -1.0796249088E-03
    4.7406517047E-02    1.5027427256E-02    4.8991424837E-04    2.5242138970E-03   -1.1644173847E-03
    5.1363154194E-02    1.4972986487E-02    5.7083521970E-04    2.6342775895E-03   -1.2383207694E-03
    5.5482882399E-02    1.4778375543E-02    6.5638063352E-04    2.7353148955E-03   -1.3024535093E-03
    5.9778782847E-02    1.4461161749E-02    7.4591349667E-04    2.8257384936E-03   -1.3561977561E-03
    6.4264496110E-02    1.4059067800E-02    8.3835687049E-04    2.9068965157E-03   -1.4014680993E-03
    6.8954265469E-02    1.3587353900E-02    9.3277362388E-04    2.9777263219E-03   -1.4381684238E-03
    7.3862982132E-02    1.3067876088E-02    1.0279317160E-03    3.0382381581E-03   -1.4670998837E-03
    7.9006232520E-02    1.2518331364E-02    1.1228685330E-03    3.0891856847E-03   -1.4893813965E-03
    8.4400347761E-02    1.1952333053E-02    1.2164667937E-03    3.1308698137E-03   -1.5056328252E-03
    9.0062455539E-02    1.1381547796E-02    1.3075794857E-03    3.1639828581E-03   -1.5164166389E-03
    9.6010534486E-02    1.0816719228E-02    1.3949131794E-03    3.1893744092E-03   -1.5222159893E-03
    1.0226347126E-01    1.0264892310E-02    1.4776468001E-03    3.2079929022E-03   -1.5236583464E-03
    1.0884112053E-01    9.7311636265E-03    1.5549350112E-03    3.2201483874E-03   -1.5211830316E-03
    1.1576436799E-01    9.2189300773E-03    1.6260105344E-03    3.2260466932E-03   -1.5152632664E-03
    1.2305519672E-01    8.7309723458E-03    1.6902495954E-03    3.2256685433E-03   -1.5064215608E-03
    1.3073675695E-01    8.2699036775E-03    1.7472151388E-03    3.2188548777E-03   -1.4950561056E-03
    1.3883343959E-01    7.8376080150E-03    1.7966560027E-03    3.2058375437E-03   -1.4813686888E-03
    1.4737095365E-01    7.4351003197E-03    1.8383263695E-03    3.1871309567E-03   -1.4654885661E-03
    1.5637640792E-01    7.0625569698E-03    1.8721970448E-03    3.1630928797E-03   -1.4476382808E-03
    1.6587839699E-01    6.7190465254E-03    1.8983105207E-03    3.1348567020E-03   -1.4278638505E-03
    1.7590709210E-01    6.4018776671E-03    1.9166494709E-03    3.1043917898E-03   -1.4060763960E-03
    1.8649433690E-01    6.1085189148E-03    1.9272880740E-03    3.0716357584E-03   -1.3824695115E-03
    1.9767374857E-01    5.8366504778E-03    1.9305431400E-03    3.0345538244E-03   -1.3573954589E-03
    2.0948082460E-01    5.5835866292E-03    1.9269877308E-03    2.9907994730E-03   -1.3310439557E-03
    2.2195305545E-01    5.3483800104E-03    1.9175310006E-03    2.9417916475E-03   -1.3033289961E-03
    2.3513004361E-01    5.1315499533E-03    1.9024307775E-03    2.8884518944E-03   -1.2744078990E-03
    2.4905362937E-01    4.9314425573E-03    1.8817841319E-03    2.8307504911E-03   -1.2447047380E-03
    2.6376802365E-01    4.7430055359E-03    1.8561628807E-03    2.7709617533E-03   -1.2142871032E-03
    2.7931994840E-01    4.5602599204E-03    1.8259230013E-03    2.7097203894E-03   -1.1826004423E-03
    2.9575878491E-01    4.3812811183E-03    1.7909456444E-03    2.6444813413E-03   -1.1495019571E-03
    3.1313673067E-01    4.2059527411E-03    1.7513359875E-03    2.5748896474E-03   -1.1150479280E-03
    3.3150896507E-01    4.0357869736E-03    1.7074622948E-03    2.4997074220E-03   -1.0792411462E-03
    3.5093382463E-01    3.8711518610E-03    1.6599411974E-03    2.4163584562E-03   -1.0423296926E-03
    3.7147298820E-01    3.7062930675E-03    1.6087962268E-03    2.3272500188E-03   -1.0040380080E-03
    3.9319167284E-01    3.5413502193E-03    1.5536416430E-03    2.2343909305E-03   -9.6389551105E-04
    4.1615884089E-01    3.3836930952E-03    1.4944735791E-03    2.1383143768E-03   -9.2264924222E-04
    4.4044741895E-01    3.2270427679E-03    1.4325139686E-03    2.0365408971E-03   -8.7975270513E-04
    4.6613452942E-01    3.0649051541E-03    1.3677288520E-03    1.9307750752E-03   -8.3396927357E-04
    4.9330173539E-01    2.8913757656E-03    1.3001776516E-03    1.8215579543E-03   -7.8573090072E-04
    5.2203529965E-01    2.7124297288E-03    1.2277089331E-03    1.7045114476E-03   -7.3401346623E-04
    5.5242645855E-01    2.5323232290E-03    1.1483688959E-03    1.5760511893E-03   -6.7871792270E-04
    5.8457171175E-01    2.3358095318E-03    1.0647160088E-03    1.4432750686E-03   -6.2102425099E-04
    6.1857312859E-01    2.1178675000E-03    9.7832187390E-04    1.3110010743E-03   -5.6006049932E-04
    6.5453867220E-01    1.8901616800E-03    8.8912329254E-04    1.1730353727E-03   -4.9586245635E-04
    6.9258254231E-01    1.6645229412E-03    7.9772784795E-04    1.0259015359E-03   -4.3072641995E-04
    7.3282553788E-01    1.4388525029E-03    7.0524019870E-04    8.7045125012E-04   -3.6585036325E-04
    7.7539544063E-01    1.2083131731E-03    6.1301267370E-04    7.1533027733E-04   -3.0228042195E-04
    8.2042742082E-01    9.7996537367E-04    5.2166669385E-04    5.6517226250E-04   -2.4122566763E-04
    8.6806446642E-01    7.5970083608E-04    4.3157835634E-04    4.2562971613E-04   -1.8386648126E-04
    9.1845783715E-01    5.4466442254E-04    3.4501022826E-04    3.0829104173E-04   -1.3174649144E-04
    9.7176754475E-01    3.5758621281E-04    2.6481340727E-04    2.1163044288E-04   -8.7042134194E-05
    1.0281628611E+00    2.1259513854E-04    1.9329151921E-04    1.3453022936E-04   -5.1718114867E-05
    1.0878228556E+00    1.1988320887E-04    1.3303256036E-04    8.0225792871E-05   -2.7750606427E-05
    1.1509369640E+00    6.7128504628E-05    8.5887031332E-05    4.2990920667E-05   -1.3436692801E-05
    1.2177055895E+00    3.7171162763E-05    5.2444708568E-05    2.1698479829E-05   -5.6075217437E-06
    1.2883407394E+00    2.1061701477E-05    3.1061649681E-05    1.0919237297E-05   -1.7589794548E-06
    1.3630666983E+00    1.3488007717E-05    1.8485298617E-05    5.4334348998E-06   -4.9442538173E-07
    1.4421207353E+00    8.9221236679E-06    1.1438196522E-05    2.9541269539E-06   -1.9861259566E-07
    1.5257537803E+00    6.1722621548E-06    7.5519124401E-06    1.7437524534E-06   -1.3223109053E-07
    1.6142304340E+00    4.4827990684E-06    5.2458740623E-06    1.0987206499E-06   -1.1583102681E-07
    1.7078245314E+00    3.3641493682E-06    3.7765429783E-06    7.2348578577E-07   -1.0231111741E-07
    1.8067957731E+00    2.5674688427E-06    2.7666156244E-06    4.9032561573E-07   -9.0400952781E-08
    1.9113136911E+00    1.7963875200E-06    1.8589156827E-06    3.1117777708E-07   -7.1885460351E-08
    2.0212953615E+00    6.8712441330E-07    6.8295136379E-07    1.1155908723E-07   -3.1026570941E-08
    2.1362018344E+00    9.1631214893E-08    8.7673662056E-08    1.4555984630E-08   -4.6150643957E-09
    2.2549736700E+00    7.9712580937E-09    7.3908259703E-09    1.2943257826E-09   -4.3987678507E-10
    2.3762701010E+00    1.0000000000E-09    1.0000000000E-09    1.0000000000E-09   -3.8645570707E-11
    2.4988925245E+00    1.0000000000E-09    1.0000000000E-09    1.0000000000E-09   -3.3487329883E-12
    2.6220620815E+00    1.0000000000E-09    1.0000000000E-09    1.0000000000E-09   -2.7841579013E-13
    2.7454059657E+00    1.0000000000E-09    1.0000000000E-09    1.0000000000E-09   -2.2358861556E-14
    2.8687920296E+00    1.0000000000E-09    1.0000000000E-09    1.0000000000E-09   -1.8901269925E-15
    2.9921856772E+00    1.0000000000E-09    1.0000000000E-09    1.0000000000E-09   -1.5612029470E-16
    3.1155803046E+00    1.0000000000E-09    1.0000000000E-09    1.0000000000E-09   -1.2580978598E-17
    3.2389750179E+00    1.0000000000E-09    1.0000000000E-09    1.0000000000E-09   -1.0036796679E-18
    3.3623697359E+00    1.0000000000E-09    1.0000000000E-09    1.0000000000E-09   -7.9952467275E-20
    3.4857644539E+00    1.0000000000E-09    1.0000000000E-09    1.0000000000E-09   -6.3117140135E-21
    3.6091591719E+00    1.0000000000E-09    1.0000000000E-09    1.0000000000E-09   -4.9930325899E-22
    3.7325538900E+00    1.0000000000E-09    1.0000000000E-09    1.0000000000E-09   -3.8737088321E-23
    3.8559486080E+00    1.0000000000E-09    1.0000000000E-09    1.0000000000E-09   -2.2399484265E-24
    3.9793433261E+00    1.0000000000E-09    1.0000000000E-09    1.0000000000E-09   -0.0000000000E+00
    4.1027380441E+00    1.0000000000E-09    1.0000000000E-09    1.0000000000E-09   -0.0000000000E+00
    4.2261327621E+00    1.0000000000E-09    1.0000000000E-09    1.0000000000E-09   -0.0000000000E+00
    4.3495274802E+00    1.0000000000E-09    1.0000000000E-09    1.0000000000E-09   -0.0000000000E+00
    4.4729221982E+00    1.0000000000E-09    1.0000000000E-09    1.0000000000E-09   -0.0000000000E+00
    4.5963169162E+00    1.0000000000E-09    1.0000000000E-09    1.0000000000E-09   -0.0000000000E+00
    4.7197116343E+00    1.0000000000E-09    1.0000000000E-09    1.0000000000E-09   -0.0000000000E+00
    4.8431063523E+00    1.0000000000E-09    1.0000000000E-09    1.0000000000E-09   -0.0000000000E+00
    4.9665010703E+00    1.0000000000E-09    1.0000000000E-09    1.0000000000E-09   -0.0000000000E+00
    5.0898957884E+00    1.0000000000E-09    1.0000000000E-09    1.0000000000E-09   -0.0000000000E+00
    5.2132905064E+00    1.0000000000E-09    1.0000000000E-09    1.0000000000E-09   -0.0000000000E+00
    5.3366852245E+00    1.0000000000E-09    1.0000000000E-09    1.0000000000E-09   -0.0000000000E+00
    5.4600799425E+00    1.0000000000E-09    1.0000000000E-09    1.0000000000E-09   -0.0000000000E+00
    5.5834746605E+00    1.0000000000E-09    1.0000000000E-09    1.0000000000E-09   -0.0000000000E+00
    5.7068693786E+00    1.0000000000E-09    1.0000000000E-09    1.0000000000E-09   -0.0000000000E+00
    5.8302640966E+00    1.0000000000E-09    1.0000000000E-09    1.0000000000E-09   -0.0000000000E+00
    5.9536588146E+00    1.0000000000E-09    1.0000000000E-09    1.0000000000E-09   -0.0000000000E+00
    6.0770535327E+00    1.0000000000E-09    1.0000000000E-09    1.0000000000E-09   -0.0000000000E+00
    6.2004482507E+00    1.0000000000E-09    1.0000000000E-09    1.0000000000E-09   -0.0000000000E+00
    6.3238429687E+00    1.0000000000E-09    1.0000000000E-09    1.0000000000E-09   -0.0000000000E+00
    6.4472376868E+00    1.0000000000E-09    1.0000000000E-09    1.0000000000E-09   -0.0000000000E+00
    6.5706324048E+00    1.0000000000E-09    1.0000000000E-09    1.0000000000E-09   -0.0000000000E+00
    6.6940271229E+00    1.0000000000E-09    1.0000000000E-09    1.0000000000E-09   -0.0000000000E+00
    6.8174218409E+00    1.0000000000E-09    1.0000000000E-09    1.0000000000E-09   -0.0000000000E+00
    6.9408165589E+00    1.0000000000E-09    1.0000000000E-09    1.0000000000E-09   -0.0000000000E+00
    7.0642112770E+00    1.0000000000E-09    1.0000000000E-09    1.0000000000E-09   -0.0000000000E+00
    7.1876059950E+00    1.0000000000E-09    1.0000000000E-09    1.0000000000E-09   -0.0000000000E+00
    7.3110007130E+00    1.0000000000E-09    1.0000000000E-09    1.0000000000E-09   -0.0000000000E+00
    7.4343954311E+00    1.0000000000E-09    1.0000000000E-09    1.0000000000E-09   -0.0000000000E+00
    7.5577901491E+00    1.0000000000E-09    1.0000000000E-09    1.0000000000E-09   -0.0000000000E+00
    7.6811848671E+00    1.0000000000E-09    1.0000000000E-09    1.0000000000E-09   -0.0000000000E+00
    7.8045795852E+00    1.0000000000E-09    1.0000000000E-09    1.0000000000E-09   -0.0000000000E+00
    7.9279743032E+00    1.0000000000E-09    1.0000000000E-09    1.0000000000E-09   -0.0000000000E+00
    8.0513690213E+00    1.0000000000E-09    1.0000000000E-09    1.0000000000E-09   -0.0000000000E+00
    8.1747637393E+00    1.0000000000E-09    1.0000000000E-09    1.0000000000E-09   -0.0000000000E+00
    8.2981584573E+00    1.0000000000E-09    1.0000000000E-09    1.0000000000E-09   -0.0000000000E+00
    8.4215531754E+00    1.0000000000E-09    1.0000000000E-09    1.0000000000E-09   -0.0000000000E+00
    8.5449478934E+00    1.0000000000E-09    1.0000000000E-09    1.0000000000E-09   -0.0000000000E+00
    8.6683426114E+00    1.0000000000E-09    1.0000000000E-09    1.0000000000E-09   -0.0000000000E+00
    8.7917373295E+00    1.0000000000E-09    1.0000000000E-09    1.0000000000E-09   -0.0000000000E+00
    8.9151320475E+00    1.0000000000E-09    1.0000000000E-09    1.0000000000E-09   -0.0000000000E+00
    9.0385267655E+00    1.0000000000E-09    1.0000000000E-09    1.0000000000E-09   -0.0000000000E+00
    9.1619214836E+00    1.0000000000E-09    1.0000000000E-09    1.0000000000E-09   -0.0000000000E+00
    9.2853162016E+00    1.0000000000E-09    1.0000000000E-09    1.0000000000E-09   -0.0000000000E+00
    9.4087109197E+00    1.0000000000E-09    1.0000000000E-09    1.0000000000E-09   -0.0000000000E+00
    9.5321056377E+00    1.0000000000E-09    1.0000000000E-09    1.0000000000E-09   -0.0000000000E+00
    9.6555003557E+00    1.0000000000E-09    1.0000000000E-09    1.0000000000E-09   -0.0000000000E+00
    9.7788950738E+00    1.0000000000E-09    1.0000000000E-09    1.0000000000E-09   -0.0000000000E+00
    9.9022897918E+00    1.0000000000E-09    1.0000000000E-09    1.0000000000E-09   -0.0000000000E+00
    1.0025684510E+01    1.0000000000E-09    1.0000000000E-09    1.0000000000E-09   -0.0000000000E+00
    1.0149079228E+01    1.0000000000E-09    1.0000000000E-09    1.0000000000E-09   -0.0000000000E+00
    1.0272473946E+01    1.0000000000E-09    1.0000000000E-09    1.0000000000E-09   -0.0000000000E+00
    1.0395868664E+01    1.0000000000E-09    1.0000000000E-09    1.0000000000E-09   -0.0000000000E+00
    1.0519263382E+01    1.0000000000E-09    1.0000000000E-09    1.0000000000E-09   -0.0000000000E+00
    1.0642658100E+01    1.0000000000E-09    1.0000000000E-09    1.0000000000E-09   -0.0000000000E+00
    1.0766052818E+01    1.0000000000E-09    1.0000000000E-09    1.0000000000E-09   -0.0000000000E+00
    1.0889447536E+01    1.0000000000E-09    1.0000000000E-09    1.0000000000E-09   -0.0000000000E+00
    1.1012842254E+01    1.0000000000E-09    1.0000000000E-09    1.0000000000E-09   -0.0000000000E+00
    1.1136236972E+01    1.0000000000E-09    1.0000000000E-09    1.0000000000E-09   -0.0000000000E+00
    1.1259631690E+01    1.0000000000E-09    1.0000000000E-09    1.0000000000E-09   -0.0000000000E+00
    1.1383026408E+01    1.0000000000E-09    1.0000000000E-09    1.0000000000E-09   -0.0000000000E+00
    1.1506421126E+01    1.0000000000E-09    1.0000000000E-09    1.0000000000E-09   -0.0000000000E+00
    1.1629815844E+01    1.0000000000E-09    1.0000000000E-09    1.0000000000E-09   -0.0000000000E+00
    1.1753210562E+01    1.0000000000E-09    1.0000000000E-09    1.0000000000E-09   -0.0000000000E+00
    1.1876605280E+01    1.0000000000E-09    1.0000000000E-09    1.0000000000E-09   -0.0000000000E+00
    1.1999999998E+01    1.0000000000E-09    1.0000000000E-09    1.0000000000E-09   -0.0000000000E+00
