 -0.26282853566958697     
 -0.17521902377972465     
  -8.7609511889862324E-002
   0.0000000000000000     
   8.7609511889862324E-002
  0.17521902377972465     
  0.26282853566958697     
  0.35043804755944929     
  0.43804755944931162     
  0.52565707133917394     
  0.61326658322903627     
  0.70087609511889859     
  0.78848560700876091     
  0.87609511889862324     
  0.96370463078848556     
   1.0513141426783479     
   1.1389236545682102     
   1.2265331664580725     
   1.3141426783479349     
   1.4017521902377972     
   1.4893617021276595     
   1.5769712140175218     
   1.6645807259073842     
   1.7521902377972465     
   1.8397997496871088     
   1.9274092615769711     
   2.0150187734668332     
   2.1026282853566958     
   2.1902377972465583     
   2.2778473091364204     
   2.3654568210262825     
   2.4530663329161451     
   2.5406758448060076     
   2.6282853566958697     
   2.7158948685857318     
   2.8035043804755944     
   2.8911138923654569     
   2.9787234042553190     
   3.0663329161451811     
   3.1539424280350437     
   3.2415519399249062     
   3.3291614518147683     
   3.4167709637046304     
   3.5043804755944929     
   3.5919899874843555     
   3.6795994993742176     
   3.7672090112640797     
   3.8548185231539422     
   3.9424280350438048     
   4.0300375469336664     
   4.1176470588235290     
   4.2052565707133915     
   4.2928660826032541     
   4.3804755944931166     
   4.4680851063829783     
   4.5556946182728408     
   4.6433041301627034     
   4.7309136420525650     
   4.8185231539424276     
   4.9061326658322901     
   4.9937421777221527     
   5.0813516896120152     
   5.1689612015018769     
   5.2565707133917394     
   5.3441802252816020     
   5.4317897371714636     
   5.5193992490613262     
   5.6070087609511887     
   5.6946182728410513     
   5.7822277847309138     
   5.8698372966207755     
   5.9574468085106380     
   6.0450563204005006     
   6.1326658322903622     
   6.2202753441802248     
   6.3078848560700873     
   6.3954943679599499     
   6.4831038798498124     
   6.5707133917396741     
   6.6583229036295366     
   6.7459324155193992     
   6.8335419274092608     
   6.9211514392991234     
   7.0087609511889859     
   7.0963704630788484     
   7.1839799749687110     
   7.2715894868585726     
   7.3591989987484352     
   7.4468085106382977     
   7.5344180225281594     
   7.6220275344180219     
   7.7096370463078845     
   7.7972465581977470     
   7.8848560700876096     
   7.9724655819774712     
   8.0600750938673329     
   8.1476846057571954     
   8.2352941176470580     
   8.3229036295369205     
   8.4105131414267831     
   8.4981226533166456     
   8.5857321652065082     
   8.6733416770963707     
   8.7609511889862333     
   8.8485607008760940     
   8.9361702127659566     
   9.0237797246558191     
   9.1113892365456817     
   9.1989987484355442     
   9.2866082603254068     
   9.3742177722152693     
   9.4618272841051301     
   9.5494367959949926     
   9.6370463078848552     
   9.7246558197747177     
   9.8122653316645803     
   9.8998748435544428     
   9.9874843554443054     
   10.075093867334168     
   10.162703379224030     
   10.250312891113891     
   10.337922403003754     
   10.425531914893616     
   10.513141426783479     
   10.600750938673341     
   10.688360450563204     
   10.775969962453066     
   10.863579474342927     
   10.951188986232790     
   11.038798498122652     
   11.126408010012515     
   11.214017521902377     
   11.301627033792240     
   11.389236545682103     
   11.476846057571965     
   11.564455569461828     
   11.652065081351688     
   11.739674593241551     
   11.827284105131413     
   11.914893617021276     
   12.002503128911139     
   12.090112640801001     
   12.177722152690864     
   12.265331664580724     
   12.352941176470587     
   12.440550688360450     
   12.528160200250312     
   12.615769712140175     
   12.703379224030037     
   12.790988735919900     
   12.878598247809762     
   12.966207759699625     
   13.053817271589486     
   13.141426783479348     
   13.229036295369211     
   13.316645807259073     
   13.404255319148936     
   13.491864831038798     
   13.579474342928661     
   13.667083854818522     
   13.754693366708384     
   13.842302878598247     
   13.929912390488109     
   14.017521902377972     
   14.105131414267834     
   14.192740926157697     
   14.280350438047559     
   14.367959949937422     
   14.455569461827283     
   14.543178973717145     
   14.630788485607008     
   14.718397997496870     
   14.806007509386733     
   14.893617021276595     
   14.981226533166458     
   15.068836045056319     
   15.156445556946181     
   15.244055068836044     
   15.331664580725906     
   15.419274092615769     
   15.506883604505632     
   15.594493116395494     
   15.682102628285357     
   15.769712140175219     
   15.857321652065080     
   15.944931163954942     
   16.032540675844807     
   16.120150187734666     
   16.207759699624528     
   16.295369211514391     
   16.382978723404253     
   16.470588235294116     
   16.558197747183979     
   16.645807259073841     
   16.733416770963704     
   16.821026282853566     
   16.908635794743429     
   16.996245306633291     
   17.083854818523154     
   17.171464330413016     
   17.259073842302879     
   17.346683354192741     
   17.434292866082604     
   17.521902377972467     
   17.609511889862326     
   17.697121401752188     
   17.784730913642051     
   17.872340425531913     
   17.959949937421776     
   18.047559449311638     
   18.135168961201501     
   18.222778473091363     
   18.310387984981226     
   18.397997496871088     
   18.485607008760951     
   18.573216520650814     
   18.660826032540676     
   18.748435544430539     
   18.836045056320401     
   18.923654568210260     
   19.011264080100123     
   19.098873591989985     
   19.186483103879848     
   19.274092615769710     
   19.361702127659573     
   19.449311639549435     
   19.536921151439298     
   19.624530663329161     
   19.712140175219023     
   19.799749687108886     
   19.887359198998748     
   19.974968710888611     
   20.062578222778473     
   20.150187734668336     
   20.237797246558198     
   20.325406758448061     
   20.413016270337920     
   20.500625782227782     
   20.588235294117645     
   20.675844806007508     
   20.763454317897370     
   20.851063829787233     
   20.938673341677095     
   21.026282853566958     
   21.113892365456820     
   21.201501877346683     
   21.289111389236545     
   21.376720901126408     
   21.464330413016270     
   21.551939924906133     
   21.639549436795996     
   21.727158948685855     
   21.814768460575717     
   21.902377972465580     
   21.989987484355442     
   22.077596996245305     
   22.165206508135167     
   22.252816020025030     
   22.340425531914892     
   22.428035043804755     
   22.515644555694617     
   22.603254067584480     
   22.690863579474343     
   22.778473091364205     
   22.866082603254068     
   22.953692115143930     
   23.041301627033793     
   23.128911138923655     
   23.216520650813514     
   23.304130162703377     
   23.391739674593239     
   23.479349186483102     
   23.566958698372964     
   23.654568210262827     
   23.742177722152690     
   23.829787234042552     
   23.917396745932415     
   24.005006257822277     
   24.092615769712140     
   24.180225281602002     
   24.267834793491865     
   24.355444305381727     
   24.443053817271590     
   24.530663329161449     
   24.618272841051311     
   24.705882352941174     
   24.793491864831037     
   24.881101376720899     
   24.968710888610762     
   25.056320400500624     
   25.143929912390487     
   25.231539424280349     
   25.319148936170212     
   25.406758448060074     
   25.494367959949937     
   25.581977471839799     
   25.669586983729662     
   25.757196495619525     
   25.844806007509387     
   25.932415519399250     
   26.020025031289109     
   26.107634543178971     
   26.195244055068834     
   26.282853566958696     
   26.370463078848559     
   26.458072590738421     
   26.545682102628284     
   26.633291614518146     
   26.720901126408009     
   26.808510638297872     
   26.896120150187734     
   26.983729662077597     
   27.071339173967459     
   27.158948685857322     
   27.246558197747184     
   27.334167709637043     
   27.421777221526906     
   27.509386733416768     
   27.596996245306631     
   27.684605757196493     
   27.772215269086356     
   27.859824780976219     
   27.947434292866081     
   28.035043804755944     
   28.122653316645806     
   28.210262828535669     
   28.297872340425531     
   28.385481852315394     
   28.473091364205256     
   28.560700876095119     
   28.648310387984981     
   28.735919899874844     
   28.823529411764703     
   28.911138923654566     
   28.998748435544428     
   29.086357947434291     
   29.173967459324153     
   29.261576971214016     
   29.349186483103878     
   29.436795994993741     
   29.524405506883603     
   29.612015018773466     
   29.699624530663328     
   29.787234042553191     
   29.874843554443054     
   29.962453066332916     
   30.050062578222779     
   30.137672090112638     
   30.225281602002500     
   30.312891113892363     
   30.400500625782225     
   30.488110137672088     
   30.575719649561950     
   30.663329161451813     
   30.750938673341675     
   30.838548185231538     
   30.926157697121401     
   31.013767209011263     
   31.101376720901126     
   31.188986232790988     
   31.276595744680851     
   31.364205256570713     
   31.451814768460576     
   31.539424280350438     
   31.627033792240297     
   31.714643304130160     
   31.802252816020022     
   31.889862327909885     
   31.977471839799747     
   32.065081351689614     
   32.152690863579473     
   32.240300375469332     
   32.327909887359198     
   32.415519399249057     
   32.503128911138923     
   32.590738423028782     
   32.678347934918648     
   32.765957446808507     
   32.853566958698373     
   32.941176470588232     
   33.028785982478098     
   33.116395494367957     
   33.204005006257823     
   33.291614518147682     
   33.379224030037548     
   33.466833541927407     
   33.554443053817273     
   33.642052565707132     
   33.729662077596991     
   33.817271589486857     
   33.904881101376716     
   33.992490613266582     
   34.080100125156441     
   34.167709637046308     
   34.255319148936167     
   34.342928660826033     
   34.430538172715892     
   34.518147684605758     
   34.605757196495617     
   34.693366708385483     
   34.780976220275342     
   34.868585732165208     
   34.956195244055067     
   35.043804755944933     
   35.131414267834792     
   35.219023779724651     
   35.306633291614517     
   35.394242803504376     
   35.481852315394242     
   35.569461827284101     
   35.657071339173967     
   35.744680851063826     
   35.832290362953692     
   35.919899874843551     
   36.007509386733418     
   36.095118898623276     
   36.182728410513143     
   36.270337922403002     
   36.357947434292868     
   36.445556946182727     
   36.533166458072586     
   36.620775969962452     
   36.708385481852311     
   36.795994993742177     
   36.883604505632036     
   36.971214017521902     
   37.058823529411761     
   37.146433041301627     
   37.234042553191486     
   37.321652065081352     
   37.409261576971211     
   37.496871088861077     
   37.584480600750936     
   37.672090112640802     
   37.759699624530661     
   37.847309136420520     
   37.934918648310386     
   38.022528160200245     
   38.110137672090111     
   38.197747183979970     
   38.285356695869837     
   38.372966207759696     
   38.460575719649562     
   38.548185231539421     
   38.635794743429287     
   38.723404255319146     
   38.811013767209012     
   38.898623279098871     
   38.986232790988737     
   39.073842302878596     
   39.161451814768462     
   39.249061326658321     
   39.336670838548180     
   39.424280350438046     
   39.511889862327905     
   39.599499374217771     
   39.687108886107630     
   39.774718397997496     
   39.862327909887355     
   39.949937421777221     
   40.037546933667080     
   40.125156445556946     
   40.212765957446805     
   40.300375469336672     
   40.387984981226531     
   40.475594493116397     
   40.563204005006256     
   40.650813516896122     
   40.738423028785981     
   40.826032540675840     
   40.913642052565706     
   41.001251564455565     
   41.088861076345431     
   41.176470588235290     
   41.264080100125156     
   41.351689612015015     
   41.439299123904881     
   41.526908635794740     
   41.614518147684606     
   41.702127659574465     
   41.789737171464331     
   41.877346683354190     
   41.964956195244056     
   42.052565707133915     
   42.140175219023774     
   42.227784730913640     
   42.315394242803499     
   42.403003754693366     
   42.490613266583225     
   42.578222778473091     
   42.665832290362950     
   42.753441802252816     
   42.841051314142675     
   42.928660826032541     
   43.016270337922400     
   43.103879849812266     
   43.191489361702125     
   43.279098873591991     
   43.366708385481850     
   43.454317897371709     
   43.541927409261575     
   43.629536921151434     
   43.717146433041300     
   43.804755944931159     
   43.892365456821025     
   43.979974968710884     
   44.067584480600750     
   44.155193992490609     
   44.242803504380475     
   44.330413016270334     
   44.418022528160201     
   44.505632040050060     
   44.593241551939926     
   44.680851063829785     
   44.768460575719651     
   44.856070087609510     
   44.943679599499369     
   45.031289111389235     
   45.118898623279094     
   45.206508135168960     
   45.294117647058819     
   45.381727158948685     
   45.469336670838544     
   45.556946182728410     
   45.644555694618269     
   45.732165206508135     
   45.819774718397994     
   45.907384230287860     
   45.994993742177719     
   46.082603254067585     
   46.170212765957444     
   46.257822277847310     
   46.345431789737169     
   46.433041301627028     
   46.520650813516895     
   46.608260325406754     
   46.695869837296620     
   46.783479349186479     
   46.871088861076345     
   46.958698372966204     
   47.046307884856070     
   47.133917396745929     
   47.221526908635795     
   47.309136420525654     
   47.396745932415520     
   47.484355444305379     
   47.571964956195245     
   47.659574468085104     
   47.747183979974963     
   47.834793491864829     
   47.922403003754688     
   48.010012515644554     
   48.097622027534413     
   48.185231539424279     
   48.272841051314138     
   48.360450563204004     
   48.448060075093863     
   48.535669586983730     
   48.623279098873589     
   48.710888610763455     
   48.798498122653314     
   48.886107634543180     
   48.973717146433039     
   49.061326658322898     
   49.148936170212764     
   49.236545682102623     
   49.324155193992489     
   49.411764705882348     
   49.499374217772214     
   49.586983729662073     
   49.674593241551939     
   49.762202753441798     
   49.849812265331664     
   49.937421777221523     
   50.025031289111389     
   50.112640801001248     
   50.200250312891114     
   50.287859824780973     
   50.375469336670839     
   50.463078848560698     
   50.550688360450557     
   50.638297872340424     
   50.725907384230283     
   50.813516896120149     
   50.901126408010008     
   50.988735919899874     
   51.076345431789733     
   51.163954943679599     
   51.251564455569458     
   51.339173967459324     
   51.426783479349183     
   51.514392991239049     
   51.602002503128908     
   51.689612015018774     
   51.777221526908633     
   51.864831038798499     
   51.952440550688358     
   52.040050062578217     
   52.127659574468083     
   52.215269086357942     
   52.302878598247808     
   52.390488110137667     
   52.478097622027533     
   52.565707133917392     
   52.653316645807259     
   52.740926157697118     
   52.828535669586984     
   52.916145181476843     
   53.003754693366709     
   53.091364205256568     
   53.178973717146434     
   53.266583229036293     
   53.354192740926152     
   53.441802252816018     
   53.529411764705877     
   53.617021276595743     
   53.704630788485602     
   53.792240300375468     
   53.879849812265327     
   53.967459324155193     
   54.055068836045052     
   54.142678347934918     
   54.230287859824777     
   54.317897371714643     
   54.405506883604502     
   54.493116395494368     
   54.580725907384227     
   54.668335419274086     
   54.755944931163953     
   54.843554443053812     
   54.931163954943678     
   55.018773466833537     
   55.106382978723403     
   55.193992490613262     
   55.281602002503128     
   55.369211514392987     
   55.456821026282853     
   55.544430538172712     
   55.632040050062578     
   55.719649561952437     
   55.807259073842303     
   55.894868585732162     
   55.982478097622028     
   56.070087609511887     
   56.157697121401746     
   56.245306633291612     
   56.332916145181471     
   56.420525657071337     
   56.508135168961196     
   56.595744680851062     
   56.683354192740921     
   56.770963704630788     
   56.858573216520647     
   56.946182728410513     
   57.033792240300372     
   57.121401752190238     
   57.209011264080097     
   57.296620775969963     
   57.384230287859822     
   57.471839799749688     
   57.559449311639547     
   57.647058823529406     
   57.734668335419272     
   57.822277847309131     
   57.909887359198997     
   57.997496871088856     
   58.085106382978722     
   58.172715894868581     
   58.260325406758447     
   58.347934918648306     
   58.435544430538172     
   58.523153942428031     
   58.610763454317897     
   58.698372966207756     
   58.785982478097623     
   58.873591989987482     
   58.961201501877341     
   59.048811013767207     
   59.136420525657066     
   59.224030037546932     
   59.311639549436791     
   59.399249061326657     
   59.486858573216516     
   59.574468085106382     
   59.662077596996241     
   59.749687108886107     
   59.837296620775966     
   59.924906132665832     
   60.012515644555691     
   60.100125156445557     
   60.187734668335416     
   60.275344180225275     
   60.362953692115141     
   60.450563204005000     
   60.538172715894866     
   60.625782227784725     
   60.713391739674591     
   60.801001251564450     
   60.888610763454317     
   60.976220275344176     
   61.063829787234042     
   61.151439299123901     
   61.239048811013767     
   61.326658322903626     
   61.414267834793492     
   61.501877346683351     
   61.589486858573217     
   61.677096370463076     
   61.764705882352935     
   61.852315394242801     
   61.939924906132660     
   62.027534418022526     
   62.115143929912385     
   62.202753441802251     
   62.290362953692110     
   62.377972465581976     
   62.465581977471835     
   62.553191489361701     
   62.640801001251560     
   62.728410513141426     
   62.816020025031285     
   62.903629536921152     
   62.991239048811011     
   63.078848560700877     
   63.166458072590736     
   63.254067584480595     
   63.341677096370461     
   63.429286608260320     
   63.516896120150186     
   63.604505632040045     
   63.692115143929911     
   63.779724655819770     
   63.867334167709636     
   63.954943679599495     
   64.042553191489361     
   64.130162703379227     
   64.217772215269079     
   64.305381727158945     
   64.392991239048811     
   64.480600750938663     
   64.568210262828529     
   64.655819774718395     
   64.743429286608261     
   64.831038798498113     
   64.918648310387979     
   65.006257822277846     
   65.093867334167712     
   65.181476846057564     
   65.269086357947430     
   65.356695869837296     
   65.444305381727162     
   65.531914893617014     
   65.619524405506880     
   65.707133917396746     
   65.794743429286612     
   65.882352941176464     
   65.969962453066330     
   66.057571964956196     
   66.145181476846048     
   66.232790988735914     
   66.320400500625780     
   66.408010012515646     
   66.495619524405498     
   66.583229036295364     
   66.670838548185230     
   66.758448060075096     
   66.846057571964948     
   66.933667083854814     
   67.021276595744681     
   67.108886107634547     
   67.196495619524399     
   67.284105131414265     
   67.371714643304131     
   67.459324155193983     
   67.546933667083849     
   67.634543178973715     
   67.722152690863581     
   67.809762202753433     
   67.897371714643299     
   67.984981226533165     
   68.072590738423031     
   68.160200250312883     
   68.247809762202749     
   68.335419274092615     
   68.423028785982481     
   68.510638297872333     
   68.598247809762199     
   68.685857321652065     
   68.773466833541917     
   68.861076345431783     
   68.948685857321649     
   69.036295369211516     
   69.123904881101367     
   69.211514392991234     
   69.299123904881100     
   69.386733416770966     
   69.474342928660818     
   69.561952440550684     
   69.649561952440550     
   69.737171464330416     
   69.824780976220268     
   69.912390488110134     
   70.000000000000000     
   70.087609511889866     
   70.175219023779718     
   70.262828535669584     
   70.350438047559450     
