  -8.4803394437623827E-003
  -5.6386442529737348E-003
  -2.8148531896302763E-003
   0.0000000000000000     
   2.8148531896302763E-003
   5.6386442529737348E-003
   8.4803394437623827E-003
   1.1348961865879643E-002
   1.4253620124006626E-002
   1.7203537245755112E-002
   2.0208079967122448E-002
   2.3276788474257015E-002
   2.6419406695971998E-002
   2.9645913243193874E-002
   3.2966553093586128E-002
   3.6391870121955154E-002
   3.9932740579730293E-002
   4.3600407629824256E-002
   4.7406517046530539E-002
   5.1363154193814264E-002
   5.5482882399411855E-002
   5.9778782846587129E-002
   6.4264496110210109E-002
   6.8954265469046289E-002
   7.3862982131783758E-002
   7.9006232520402564E-002
   8.4400347761022551E-002
   9.0062455539376154E-002
   9.6010534485560281E-002
  0.10226347126075246     
  0.10884112052715639     
  0.11576436799159660     
  0.12305519672294159     
  0.13073675695393006     
  0.13883343958903885     
  0.14737095365179895     
  0.15637640791747384     
  0.16587839699030540     
  0.17590709209864397     
  0.18649433689626038     
  0.19767374857403344     
  0.20948082460306816     
  0.22195305544818100     
  0.23513004360964654     
  0.24905362937119294     
  0.26376802365352825     
  0.27931994839524088     
  0.29575878490681989     
  0.31313673066885639     
  0.33150896507229954     
  0.35093382462703637     
  0.37147298819512464     
  0.39319167283684392     
  0.41615884089142363     
  0.44044741894998296     
  0.46613452941597822     
  0.49330173538841809     
  0.52203529964541717     
  0.55242645855042227     
  0.58457171175083633     
  0.61857312858890490     
  0.65453867219779871     
  0.69258254231197858     
  0.73282553788035376     
  0.77539544063362176     
  0.82042742082371378     
  0.86806446642367074     
  0.91845783715077023     
  0.97176754475454130     
   1.0281628610947051     
   1.0878228556223146     
   1.1509369639707383     
   1.2177055894619029     
   1.2883407394377338     
   1.3630666983190551     
   1.4421207352656242     
   1.5257537803328691     
   1.6142304339561464     
   1.7078245313577110     
   1.8067957730995687     
   1.9113136910744626     
   2.0212953615277476     
   2.1362018343712199     
   2.2549736700033143     
   2.3762701009508143     
   2.4988925245026015     
   2.6220620815151925     
   2.7454059656796823     
   2.8687920295730045     
   2.9921856771666953     
   3.1155803045974455     
   3.2389750179456698     
   3.3623697358703240     
   3.4857644539067483     
   3.6091591719431713     
   3.7325538899795951     
   3.8559486080160195     
   3.9793433260524433     
   4.1027380440888672     
   4.2261327621252907     
   4.3495274801617150     
   4.4729221981981393     
   4.5963169162345636     
   4.7197116342709879     
   4.8431063523074123     
   4.9665010703438366     
   5.0898957883802609     
   5.2132905064166852     
   5.3366852244531096     
   5.4600799424895330     
   5.5834746605259582     
   5.7068693785623834     
   5.8302640965988068     
   5.9536588146352303     
   6.0770535326716555     
   6.2004482507080807     
   6.3238429687445041     
   6.4472376867809293     
   6.5706324048173528     
   6.6940271228537780     
   6.8174218408902014     
   6.9408165589266249     
   7.0642112769630501     
   7.1876059949994753     
   7.3110007130358987     
   7.4343954310723239     
   7.5577901491087474     
   7.6811848671451726     
   7.8045795851815960     
   7.9279743032180194     
   8.0513690212544446     
   8.1747637392908690     
   8.2981584573272933     
   8.4215531753637176     
   8.5449478934001419     
   8.6683426114365663     
   8.7917373294729906     
   8.9151320475094149     
   9.0385267655458392     
   9.1619214835822635     
   9.2853162016186879     
   9.4087109196551122     
   9.5321056376915365     
   9.6555003557279608     
   9.7788950737643852     
   9.9022897918008095     
   10.025684509837234     
   10.149079227873658     
   10.272473945910082     
   10.395868663946507     
   10.519263381982931     
   10.642658100019355     
   10.766052818055778     
   10.889447536092204     
   11.012842254128628     
   11.136236972165053     
   11.259631690201475     
   11.383026408237901     
   11.506421126274326     
   11.629815844310750     
   11.753210562347173     
   11.876605280383599     
   11.999999998420023     
   12.123394716456447     
   12.246789434492870     
   12.370184152529296     
