 -0.24375000000000002     
 -0.16250000000000001     
  -8.1250000000000003E-002
   0.0000000000000000     
   8.1250000000000003E-002
  0.16250000000000001     
  0.24375000000000002     
  0.32500000000000001     
  0.40625000000000000     
  0.48750000000000004     
  0.56874999999999998     
  0.65000000000000002     
  0.73125000000000007     
  0.81250000000000000     
  0.89375000000000004     
  0.97500000000000009     
   1.0562500000000001     
   1.1375000000000000     
   1.2187500000000000     
   1.3000000000000000     
   1.3812500000000001     
   1.4625000000000001     
   1.5437500000000000     
   1.6250000000000000     
   1.7062500000000000     
   1.7875000000000001     
   1.8687500000000001     
   1.9500000000000002     
   2.0312500000000000     
   2.1125000000000003     
   2.1937500000000001     
   2.2749999999999999     
   2.3562500000000002     
   2.4375000000000000     
   2.5187500000000003     
   2.6000000000000001     
   2.6812499999999999     
   2.7625000000000002     
   2.8437500000000000     
   2.9250000000000003     
   3.0062500000000001     
   3.0874999999999999     
   3.1687500000000002     
   3.2500000000000000     
   3.3312500000000003     
   3.4125000000000001     
   3.4937499999999999     
   3.5750000000000002     
   3.6562500000000000     
   3.7375000000000003     
   3.8187500000000001     
   3.9000000000000004     
   3.9812500000000002     
   4.0625000000000000     
   4.1437499999999998     
   4.2250000000000005     
   4.3062500000000004     
   4.3875000000000002     
   4.4687500000000000     
   4.5499999999999998     
   4.6312500000000005     
   4.7125000000000004     
   4.7937500000000002     
   4.8750000000000000     
   4.9562499999999998     
   5.0375000000000005     
   5.1187500000000004     
   5.2000000000000002     
   5.2812500000000000     
   5.3624999999999998     
   5.4437500000000005     
   5.5250000000000004     
   5.6062500000000002     
   5.6875000000000000     
   5.7687499999999998     
   5.8500000000000005     
   5.9312500000000004     
   6.0125000000000002     
   6.0937500000000000     
   6.1749999999999998     
   6.2562500000000005     
   6.3375000000000004     
   6.4187500000000002     
   6.5000000000000000     
   6.5812499999999998     
   6.6625000000000005     
