    2.8014323176E-03    2.0134481774E-04    1.8620929710E-07    7.0017039737E-05   -2.0345357658E-06
    5.6037242673E-03    7.4583847565E-04    1.2470229173E-06    2.2561672515E-04   -1.0709942792E-05
    8.4077357448E-03    1.6176993977E-03    4.3799788774E-06    4.2499004996E-04   -3.1109271364E-05
    1.1214327173E-02    2.7837976364E-03    1.0787019384E-05    6.4144139794E-04   -6.7393040198E-05
    1.4024359769E-02    4.1904779040E-03    2.1638777524E-05    8.5865498593E-04   -1.2239389219E-04
    1.6838695801E-02    5.7540547901E-03    3.7841644237E-05    1.0661257185E-03   -1.9667387434E-04
    1.9658198863E-02    7.3540097964E-03    5.9179763983E-05    1.2605264783E-03   -2.8532453311E-04
    2.2483734130E-02    8.9026181936E-03    8.5584510988E-05    1.4406957407E-03   -3.8418162305E-04
    2.5316168632E-02    1.0329283943E-02    1.1684829449E-04    1.6069382194E-03   -4.8877933089E-04
    2.8156371514E-02    1.1582220022E-02    1.5295728926E-04    1.7602600378E-03   -5.9512426131E-04
    3.1005214303E-02    1.2616176555E-02    1.9382344406E-04    1.9008799648E-03   -6.9908845998E-04
    3.3863571182E-02    1.3445942181E-02    2.3871139024E-04    2.0311986741E-03   -7.9821034170E-04
    3.6732319248E-02    1.4080386029E-02    2.8712106712E-04    2.1519844355E-03   -8.9074119264E-04
    3.9612338790E-02    1.4536174240E-02    3.3867396285E-04    2.2639686267E-03   -9.7576256254E-04
    4.2504513556E-02    1.4834134204E-02    3.9305917499E-04    2.3677659799E-03   -1.0529827394E-03
    4.5409731021E-02    1.4993681655E-02    4.4971065841E-04    2.4634982546E-03   -1.1220224321E-03
    4.8328882666E-02    1.5030777585E-02    5.0858585918E-04    2.5512146016E-03   -1.1829602139E-03
    5.1262864243E-02    1.4976532441E-02    5.6875398190E-04    2.6316824495E-03   -1.2366323759E-03
    5.4212576060E-02    1.4848501217E-02    6.2999411587E-04    2.7053349675E-03   -1.2837818700E-03
    5.7178923248E-02    1.4661857800E-02    6.9181631262E-04    2.7724203125E-03   -1.3248824370E-03
    6.0162816043E-02    1.4429563533E-02    7.5387224494E-04    2.8332702938E-03   -1.3605294249E-03
    6.3165170068E-02    1.4162647741E-02    8.1586569067E-04    2.8882288562E-03   -1.3913230260E-03
    6.6186906607E-02    1.3869954452E-02    8.7736826876E-04    2.9375497433E-03   -1.4176516127E-03
    6.9228952894E-02    1.3559336817E-02    9.3824564188E-04    2.9816585512E-03   -1.4401614408E-03
    7.2292242394E-02    1.3236067470E-02    9.9797929043E-04    3.0205522945E-03   -1.4589243034E-03
    7.5377715092E-02    1.2906243194E-02    1.0565422102E-03    3.0547941287E-03   -1.4746422549E-03
    7.8486317778E-02    1.2573762449E-02    1.1135645244E-03    3.0847279768E-03   -1.4875461363E-03
    8.1619004342E-02    1.2242165918E-02    1.1690422919E-03    3.1107937241E-03   -1.4981134884E-03
    8.4776736061E-02    1.1913675295E-02    1.2226955507E-03    3.1332728031E-03   -1.5064745719E-03
    8.7960481901E-02    1.1590505370E-02    1.2745114491E-03    3.1526003676E-03   -1.5129703148E-03
    9.1171218807E-02    1.1274053325E-02    1.3243074600E-03    3.1691027721E-03   -1.5177354419E-03
    9.4409932010E-02    1.0965619449E-02    1.3720790255E-03    3.1831384700E-03   -1.5210205943E-03
    9.7677615321E-02    1.0665900174E-02    1.4177203631E-03    3.1949172967E-03   -1.5229316357E-03
    1.0097527144E-01    1.0375516269E-02    1.4612341049E-03    3.2046403673E-03   -1.5236394573E-03
    1.0430391228E-01    1.0094690132E-02    1.5025708569E-03    3.2124256427E-03   -1.5232364145E-03
    1.0766455924E-01    9.8235697179E-03    1.5417441856E-03    3.2184095180E-03   -1.5218547405E-03
    1.1105824355E-01    9.5620753217E-03    1.5787394740E-03    3.2226970246E-03   -1.5195875285E-03
    1.1448600658E-01    9.3101561001E-03    1.6135862040E-03    3.2253926886E-03   -1.5165540782E-03
    1.1794890015E-01    9.0676880000E-03    1.6462841136E-03    3.2265482554E-03   -1.5128355184E-03
    1.2144798686E-01    8.8345782698E-03    1.6769028019E-03    3.2262342638E-03   -1.5085427858E-03
    1.2498434044E-01    8.6106301823E-03    1.7054548308E-03    3.2244699047E-03   -1.5037188510E-03
    1.2855904601E-01    8.3957914371E-03    1.7320359817E-03    3.2213373313E-03   -1.4984462522E-03
    1.3217320051E-01    8.1897677540E-03    1.7566499195E-03    3.2168782707E-03   -1.4927228730E-03
    1.3582791294E-01    7.9924647515E-03    1.7794222493E-03    3.2112326446E-03   -1.4866235459E-03
    1.3952430477E-01    7.8034047446E-03    1.8003383567E-03    3.2044549570E-03   -1.4801201821E-03
    1.4326351026E-01    7.6224941788E-03    1.8195364472E-03    3.1966934073E-03   -1.4732969542E-03
    1.4704667680E-01    7.4491987970E-03    1.8369822578E-03    3.1879535226E-03   -1.4661220735E-03
    1.5087496527E-01    7.2841081289E-03    1.8527009815E-03    3.1782696159E-03   -1.4586730812E-03
    1.5474955039E-01    7.1261723270E-03    1.8667893289E-03    3.1677047881E-03   -1.4509323600E-03
    1.5867162110E-01    6.9752598742E-03    1.8793743155E-03    3.1564393308E-03   -1.4429562040E-03
    1.6264238091E-01    6.8308679580E-03    1.8904450045E-03    3.1446260288E-03   -1.4347043893E-03
    1.6666304827E-01    6.6926862100E-03    1.9000713654E-03    3.1324807086E-03   -1.4261923275E-03
    1.7073485692E-01    6.5602245939E-03    1.9082870736E-03    3.1201199258E-03   -1.4174150893E-03
    1.7485905632E-01    6.4330595978E-03    1.9151405508E-03    3.1075789257E-03   -1.4083873601E-03
    1.7903691201E-01    6.3109283740E-03    1.9206935624E-03    3.0948306111E-03   -1.3991451608E-03
    1.8326970597E-01    6.1935204479E-03    1.9249561468E-03    3.0817621153E-03   -1.3896951144E-03
    1.8755873707E-01    6.0807016922E-03    1.9280312756E-03    3.0683014089E-03   -1.3800946740E-03
    1.9190532139E-01    5.9725945372E-03    1.9297575675E-03    3.0541440387E-03   -1.3703163562E-03
    1.9631079273E-01    5.8683549877E-03    1.9304228313E-03    3.0392102392E-03   -1.3604370392E-03
    2.0077650290E-01    5.7674647050E-03    1.9300886677E-03    3.0233714306E-03   -1.3504408422E-03
    2.0530382225E-01    5.6698188396E-03    1.9288482986E-03    3.0066650223E-03   -1.3403407269E-03
    2.0989413998E-01    5.5753394012E-03    1.9267443623E-03    2.9891938786E-03   -1.3301213016E-03
    2.1454886468E-01    5.4840241181E-03    1.9238082128E-03    2.9710989540E-03   -1.3197684983E-03
    2.1926942465E-01    5.3959618752E-03    1.9200900317E-03    2.9525161809E-03   -1.3092921987E-03
    2.2405726842E-01    5.3112793030E-03    1.9155284541E-03    2.9334203409E-03   -1.2986738489E-03
    2.2891386516E-01    5.2300805470E-03    1.9101696393E-03    2.9138205252E-03   -1.2879776096E-03
    2.3384070515E-01    5.1516754901E-03    1.9040766863E-03    2.8937164494E-03   -1.2772113125E-03
    2.3883930020E-01    5.0759036365E-03    1.8973004976E-03    2.8731318545E-03   -1.2664054316E-03
    2.4391118416E-01    5.0025713831E-03    1.8898542378E-03    2.8521026245E-03   -1.2555652744E-03
    2.4905791336E-01    4.9313850709E-03    1.8817768654E-03    2.8307325391E-03   -1.2446956749E-03
    2.5428106709E-01    4.8621609425E-03    1.8731264661E-03    2.8092185983E-03   -1.2338147375E-03
    2.5958224809E-01    4.7947382372E-03    1.8637991002E-03    2.7877078071E-03   -1.2228726267E-03
    2.6496308308E-01    4.7284038626E-03    1.8539602274E-03    2.7662127294E-03   -1.2118452459E-03
    2.7042522316E-01    4.6629995682E-03    1.8435785281E-03    2.7446242985E-03   -1.2006908107E-03
    2.7597034444E-01    4.5984276891E-03    1.8326709322E-03    2.7228439962E-03   -1.1894007222E-03
    2.8160014844E-01    4.5346333577E-03    1.8212480772E-03    2.7007537285E-03   -1.1779805140E-03
    2.8731636271E-01    4.4715215128E-03    1.8092675237E-03    2.6781603472E-03   -1.1664309276E-03
    2.9312074129E-01    4.4091672641E-03    1.7967232531E-03    2.6550130657E-03   -1.1547773140E-03
    2.9901506528E-01    4.3473787492E-03    1.7836764874E-03    2.6314385216E-03   -1.1429984861E-03
    3.0500114338E-01    4.2862509114E-03    1.7701530123E-03    2.6074981524E-03   -1.1311036077E-03
    3.1108081244E-01    4.2258742810E-03    1.7561590377E-03    2.5831667921E-03   -1.1190955950E-03
    3.1725593804E-01    4.1662834651E-03    1.7416932917E-03    2.5583481023E-03   -1.1069701848E-03
    3.2352841503E-01    4.1078164151E-03    1.7267255480E-03    2.5328082766E-03   -1.0947249205E-03
    3.2990016817E-01    4.0501898232E-03    1.7113434083E-03    2.5063855347E-03   -1.0823515094E-03
    3.3637315265E-01    3.9933865231E-03    1.6956144807E-03    2.4790619168E-03   -1.0698921328E-03
    3.4294935473E-01    3.9373188784E-03    1.6795562220E-03    2.4508983546E-03   -1.0573655372E-03
    3.4963079235E-01    3.8817945221E-03    1.6631697288E-03    2.4220277066E-03   -1.0447742119E-03
    3.5641951575E-01    3.8265302783E-03    1.6464060731E-03    2.3925897909E-03   -1.0320809031E-03
    3.6331760806E-01    3.7710102188E-03    1.6292345451E-03    2.3626259931E-03   -1.0192144864E-03
    3.7032718600E-01    3.7153244602E-03    1.6116756831E-03    2.3322151453E-03   -1.0061679203E-03
    3.7745040050E-01    3.6596396094E-03    1.5937218865E-03    2.3014185343E-03   -9.9293416580E-04
    3.8468943734E-01    3.6041840960E-03    1.5753668181E-03    2.2703228477E-03   -9.7951750672E-04
    3.9204651784E-01    3.5497773982E-03    1.5565552842E-03    2.2392099952E-03   -9.6599068159E-04
    3.9952389958E-01    3.4965097278E-03    1.5373256680E-03    2.2079816202E-03   -9.5239852130E-04
    4.0712387700E-01    3.4441178958E-03    1.5177418006E-03    2.1762578465E-03   -9.3873198068E-04
    4.1484878221E-01    3.3923282832E-03    1.4978483463E-03    2.1438624709E-03   -9.2497290657E-04
    4.2270098562E-01    3.3407723191E-03    1.4776937186E-03    2.1107277656E-03   -9.1109397950E-04
    4.3068289671E-01    3.2892353151E-03    1.4573167014E-03    2.0772291925E-03   -8.9701582713E-04
    4.3879696478E-01    3.2374972797E-03    1.4366926935E-03    2.0433921290E-03   -8.8266628397E-04
    4.4704567965E-01    3.1852978297E-03    1.4158023847E-03    2.0091765877E-03   -8.6801300747E-04
    4.5543157249E-01    3.1324417374E-03    1.3946369542E-03    1.9745840975E-03   -8.5305927318E-04
    4.6395721654E-01    3.0787110464E-03    1.3731898801E-03    1.9396539660E-03   -8.3784570970E-04
    4.7262522793E-01    3.0238024194E-03    1.3515087960E-03    1.9044134264E-03   -8.2245413203E-04
    4.8143826649E-01    2.9675223433E-03    1.3295955320E-03    1.8689449962E-03   -8.0682028923E-04
    4.9039903652E-01    2.9100444850E-03    1.3073821636E-03    1.8331361886E-03   -7.9090660159E-04
    4.9951028769E-01    2.8516896263E-03    1.2847817175E-03    1.7967898498E-03   -7.7467773746E-04
    5.0877481583E-01    2.7933007109E-03    1.2615363347E-03    1.7591897474E-03   -7.5804023196E-04
    5.1819546379E-01    2.7356607182E-03    1.2374915971E-03    1.7203262778E-03   -7.4095542662E-04
    5.2777512234E-01    2.6783753457E-03    1.2127511575E-03    1.6804005675E-03   -7.2353838655E-04
    5.3751673105E-01    2.6209263900E-03    1.1873854755E-03    1.6394316091E-03   -7.0582471187E-04
    5.4742327916E-01    2.5625632479E-03    1.1614974437E-03    1.5974113054E-03   -6.8783556782E-04
    5.5749780656E-01    2.5018128866E-03    1.1351224901E-03    1.5545052261E-03   -6.6951858362E-04
    5.6774340464E-01    2.4395022602E-03    1.1083765511E-03    1.5115901820E-03   -6.5104740787E-04
    5.7816321733E-01    2.3755184886E-03    1.0812978833E-03    1.4689377433E-03   -6.3241414051E-04
    5.8876044198E-01    2.3096674423E-03    1.0539327594E-03    1.4266527808E-03   -6.1357746981E-04
    5.9953833040E-01    2.2409953546E-03    1.0263689057E-03    1.3845122117E-03   -5.9431476265E-04
    6.1050018984E-01    2.1700941151E-03    9.9861136772E-04    1.3420217197E-03   -5.7458000162E-04
    6.2164938399E-01    2.0979193028E-03    9.7060445703E-04    1.2992363563E-03   -5.5450993784E-04
    6.3298933402E-01    2.0250188348E-03    9.4232405594E-04    1.2560021757E-03   -5.3415496259E-04
    6.4452351966E-01    1.9520808774E-03    9.1375028622E-04    1.2119442941E-03   -5.1355548161E-04
    6.5625548023E-01    1.8796165248E-03    8.8492572871E-04    1.1663943559E-03   -4.9284663709E-04
    6.6818881571E-01    1.8073642409E-03    8.5591163445E-04    1.1201422948E-03   -4.7208862030E-04
    6.8032718792E-01    1.7354584016E-03    8.2675769475E-04    1.0732073535E-03   -4.5132047521E-04
    6.9267432157E-01    1.6640001585E-03    7.9751197081E-04    1.0255425117E-03   -4.3057429194E-04
    7.0523400542E-01    1.5929297850E-03    7.6817154615E-04    9.7671118675E-04   -4.0988862507E-04
    7.1801009348E-01    1.5212823721E-03    7.3876617005E-04    9.2723240574E-04   -3.8926267046E-04
    7.3100650615E-01    1.4489496807E-03    7.0932072926E-04    8.7737861987E-04   -3.6869211136E-04
    7.4422723142E-01    1.3759899283E-03    6.7988479931E-04    8.2743358374E-04   -3.4821399424E-04
    7.5767632615E-01    1.3028421788E-03    6.5059742236E-04    7.7795354153E-04   -3.2796759412E-04
    7.7135791724E-01    1.2297121198E-03    6.2151064356E-04    7.2946739716E-04   -3.0808149062E-04
    7.8527620295E-01    1.1566318511E-03    5.9252247972E-04    6.8138955399E-04   -2.8840206492E-04
    7.9943545417E-01    1.0838492662E-03    5.6358522948E-04    6.3364744271E-04   -2.6893466210E-04
    8.1384001574E-01    1.0117972223E-03    5.3463304469E-04    5.8625228439E-04   -2.4971974384E-04
    8.2849430774E-01    9.4129755397E-04    5.0590641696E-04    5.3956462572E-04   -2.3091235084E-04
    8.4340282693E-01    8.7165378580E-04    4.7734903763E-04    4.9438815079E-04   -2.1252099112E-04
    8.5857014804E-01    8.0240675184E-04    4.4897482599E-04    4.5109677090E-04   -1.9460853879E-04
    8.7400092523E-01    7.3317549234E-04    4.2080217589E-04    4.0997566137E-04   -1.7722608699E-04
    8.8969989351E-01    6.6409686484E-04    3.9314342541E-04    3.7184425447E-04   -1.6044656001E-04
    9.0567187018E-01    5.9661402074E-04    3.6605506886E-04    3.3566189539E-04   -1.4419834451E-04
    9.2192175631E-01    5.3133143446E-04    3.3949286231E-04    3.0139904196E-04   -1.2856169316E-04
    9.3845453824E-01    4.6878067442E-04    3.1347409383E-04    2.6906671343E-04   -1.1362466773E-04
    9.5527528915E-01    4.1019927846E-04    2.8825249136E-04    2.3886767137E-04   -9.9643108643E-05
    9.7238917054E-01    3.5565906651E-04    2.6394550985E-04    2.1063233645E-04   -8.6580108609E-05
    9.8980143389E-01    3.0502930375E-04    2.4047652560E-04    1.8416104895E-04   -7.4386955329E-05
    1.0075174222E+00    2.5869188836E-04    2.1788148577E-04    1.5956482709E-04   -6.3128594501E-05
    1.0255425718E+00    2.1843329639E-04    1.9640945333E-04    1.3770143914E-04   -5.3163639841E-05
    1.0438824137E+00    1.8352613337E-04    1.7611373927E-04    1.1835193830E-04   -4.4376138043E-05
    1.0625425755E+00    1.5294029868E-04    1.5677396043E-04    1.0077022305E-04   -3.6516236702E-05
    1.0815287833E+00    1.2664121337E-04    1.3843201110E-04    8.4805758256E-05   -2.9574964660E-05
    1.1008468631E+00    1.0603257308E-04    1.2190714275E-04    7.0808850839E-05   -2.4005392456E-05
    1.1205027426E+00    8.8530225335E-05    1.0661047008E-04    5.8483092799E-05   -1.9257710112E-05
    1.1405024534E+00    7.3506603159E-05    9.2424213297E-05    4.7632362318E-05   -1.5171798678E-05
    1.1608521324E+00    6.1067854168E-05    7.9675215245E-05    3.8580490931E-05   -1.1787945902E-05
    1.1815580241E+00    5.1089537209E-05    6.8640909474E-05    3.1421920637E-05   -9.1379966641E-06
    1.2026264822E+00    4.2418199058E-05    5.8686314934E-05    2.5306700167E-05   -6.9024667683E-06
    1.2240639716E+00    3.4970283476E-05    4.9823575543E-05    2.0185704231E-05   -5.0652084319E-06
    1.2458770705E+00    2.9361905532E-05    4.2658037125E-05    1.6482523432E-05   -3.7059848253E-06
    1.2680724723E+00    2.4628127884E-05    3.6242125198E-05    1.3328246040E-05   -2.5831509829E-06
    1.2906569878E+00    2.0725298700E-05    3.0543309607E-05    1.0680739050E-05   -1.6869422886E-06
    1.3136375472E+00    1.8014344451E-05    2.6048577539E-05    8.6311827262E-06   -1.1684131066E-06
    1.3370212021E+00    1.5674236620E-05    2.2140088846E-05    6.9306276758E-06   -7.8275746451E-07
    1.3608151280E+00    1.3639909311E-05    1.8730869824E-05    5.5232074253E-06   -5.0766883333E-07
    1.3850266261E+00    1.2014172803E-05    1.6103181417E-05    4.5634423066E-06   -3.6731672525E-07
    1.4096631257E+00    1.0546812873E-05    1.3828425382E-05    3.7593828813E-06   -2.6949696147E-07
    1.4347321868E+00    9.2213452024E-06    1.1865427238E-05    3.0928813407E-06   -2.0816035145E-07
    1.4602415019E+00    8.1951562505E-06    1.0402841985E-05    2.6189191860E-06   -1.7601978388E-07
    1.4861988986E+00    7.2772154879E-06    9.1015655482E-06    2.2083906413E-06   -1.5172501006E-07
    1.5126123421E+00    6.4894281364E-06    7.9940079421E-06    1.8733756336E-06   -1.3664456608E-07
    1.5394899374E+00    5.8607281654E-06    7.1193788269E-06    1.6183124420E-06   -1.2857452750E-07
    1.5668399321E+00    5.2836782924E-06    6.3246374527E-06    1.3914286322E-06   -1.2249845675E-07
    1.5946707186E+00    4.7841291073E-06    5.6506500732E-06    1.2068976661E-06   -1.1885093746E-07
    1.6229908370E+00    4.3600816925E-06    5.0815129373E-06    1.0555538288E-06   -1.1435052086E-07
    1.6518089773E+00    3.9686928887E-06    4.5596769759E-06    9.1925280894E-07   -1.0966414486E-07
    1.6811339826E+00    3.6356449561E-06    4.1284440643E-06    8.1046000645E-07   -1.0586086942E-07
    1.7109748514E+00    3.3357971148E-06    3.7396976395E-06    7.1460669142E-07   -1.0187649046E-07
    1.7413407404E+00    3.0616346351E-06    3.3839363232E-06    6.2909616593E-07   -9.7621704968E-08
    1.7722409677E+00    2.8218853664E-06    3.0832202072E-06    5.6049480615E-07   -9.4416491094E-08
    1.8036850150E+00    2.5879854864E-06    2.7921582747E-06    4.9578378724E-07   -9.0821154132E-08
    1.8356825311E+00    2.3691589219E-06    2.5217041883E-06    4.3849823073E-07   -8.6154929572E-08
    1.8682433345E+00    2.1401454343E-06    2.2500165582E-06    3.8432971407E-07   -8.1029300885E-08
    1.9013774168E+00    1.8773156455E-06    1.9498119339E-06    3.2752968474E-07   -7.4390724764E-08
    1.9350949453E+00    1.5819649457E-06    1.6218626071E-06    2.6919624553E-07   -6.4810611965E-08
    1.9694062662E+00    1.2286764150E-06    1.2429388358E-06    2.0418702766E-07   -5.2203932019E-08
    2.0043219083E+00    8.5550020999E-07    8.5546284894E-07    1.3996635905E-07   -3.7884554731E-08
    2.0398525855E+00    5.2651633620E-07    5.1988022162E-07    8.4913180116E-08   -2.4142547292E-08
    2.0760092006E+00    2.8880687058E-07    2.8124069195E-07    4.5951774107E-08   -1.3656256308E-08
    2.1128028484E+00    1.4555630486E-07    1.4025457167E-07    2.3126954796E-08   -7.1475313714E-09
    2.1502448191E+00    6.9121156249E-08    6.5864686693E-08    1.0983712664E-08   -3.5238200222E-09
    2.1883466021E+00    3.1774974639E-08    2.9940012872E-08    5.0596528250E-09   -1.6657468278E-09
    2.2271198891E+00    1.4234817476E-08    1.3278809653E-08    2.2864071746E-09   -7.6852155549E-10
    2.2665765777E+00    6.2554438090E-09    5.7846277325E-09    1.0204719240E-09   -3.4842789042E-10
    2.3067287754E+00    2.7216314868E-09    2.4958433603E-09    1.0000000000E-09   -1.5619159168E-10
    2.3475888026E+00    1.1671648085E-09    1.0611063256E-09    1.0000000000E-09   -6.8978829611E-11
    2.3891691874E+00    1.0000000000E-09    1.0000000000E-09    1.0000000000E-09   -2.9779150093E-11
    2.4314825784E+00    1.0000000000E-09    1.0000000000E-09    1.0000000000E-09   -1.2745930541E-11
    2.4745411416E+00    1.0000000000E-09    1.0000000000E-09    1.0000000000E-09   -5.4446774233E-12
    2.5183537808E+00    1.0000000000E-09    1.0000000000E-09    1.0000000000E-09   -2.2447145031E-12
    2.5629173652E+00    1.0000000000E-09    1.0000000000E-09    1.0000000000E-09   -8.9777268620E-13
    2.6081983153E+00    1.0000000000E-09    1.0000000000E-09    1.0000000000E-09   -3.6575167159E-13
    2.6541101713E+00    1.0000000000E-09    1.0000000000E-09    1.0000000000E-09   -1.4771302031E-13
    2.7005082498E+00    1.0000000000E-09    1.0000000000E-09    1.0000000000E-09   -5.6139673815E-14
    2.7472198239E+00    1.0000000000E-09    1.0000000000E-09    1.0000000000E-09   -2.1591094791E-14
    2.7940945903E+00    1.0000000000E-09    1.0000000000E-09    1.0000000000E-09   -8.7468261108E-15
    2.8410362765E+00    1.0000000000E-09    1.0000000000E-09    1.0000000000E-09   -3.4057988769E-15
    2.8879991911E+00    1.0000000000E-09    1.0000000000E-09    1.0000000000E-09   -1.2566908609E-15
    2.9349672258E+00    1.0000000000E-09    1.0000000000E-09    1.0000000000E-09   -4.8139193918E-16
    2.9819361789E+00    1.0000000000E-09    1.0000000000E-09    1.0000000000E-09   -1.9103502758E-16
    3.0289052504E+00    1.0000000000E-09    1.0000000000E-09    1.0000000000E-09   -7.4156150311E-17
    3.0758743324E+00    1.0000000000E-09    1.0000000000E-09    1.0000000000E-09   -2.8347021542E-17
    3.1228434148E+00    1.0000000000E-09    1.0000000000E-09    1.0000000000E-09   -1.0843548528E-17
    3.1698124973E+00    1.0000000000E-09    1.0000000000E-09    1.0000000000E-09   -4.1463382181E-18
    3.2167815798E+00    1.0000000000E-09    1.0000000000E-09    1.0000000000E-09   -1.5825801444E-18
    3.2637506622E+00    1.0000000000E-09    1.0000000000E-09    1.0000000000E-09   -6.0359535905E-19
    3.3107197447E+00    1.0000000000E-09    1.0000000000E-09    1.0000000000E-09   -2.3048209982E-19
    3.3576888272E+00    1.0000000000E-09    1.0000000000E-09    1.0000000000E-09   -8.8007625841E-20
    3.4046579096E+00    1.0000000000E-09    1.0000000000E-09    1.0000000000E-09   -3.3528523915E-20
    3.4516269921E+00    1.0000000000E-09    1.0000000000E-09    1.0000000000E-09   -1.2750496664E-20
    3.4985960746E+00    1.0000000000E-09    1.0000000000E-09    1.0000000000E-09   -4.8504479242E-21
    3.5455651571E+00    1.0000000000E-09    1.0000000000E-09    1.0000000000E-09   -1.8488606961E-21
    3.5925342395E+00    1.0000000000E-09    1.0000000000E-09    1.0000000000E-09   -7.0400082540E-22
    3.6395033220E+00    1.0000000000E-09    1.0000000000E-09    1.0000000000E-09   -2.6781819628E-22
    3.6864724045E+00    1.0000000000E-09    1.0000000000E-09    1.0000000000E-09   -9.9741782729E-23
    3.7334414870E+00    1.0000000000E-09    1.0000000000E-09    1.0000000000E-09   -3.8716561029E-23
    3.7804105694E+00    1.0000000000E-09    1.0000000000E-09    1.0000000000E-09   -1.4111368387E-23
    3.8273796519E+00    1.0000000000E-09    1.0000000000E-09    1.0000000000E-09   -4.5672439985E-24
    3.8743487344E+00    1.0000000000E-09    1.0000000000E-09    1.0000000000E-09   -2.2118200185E-24
    3.9213178168E+00    1.0000000000E-09    1.0000000000E-09    1.0000000000E-09   -0.0000000000E+00
    3.9682868993E+00    1.0000000000E-09    1.0000000000E-09    1.0000000000E-09   -0.0000000000E+00
    4.0152559818E+00    1.0000000000E-09    1.0000000000E-09    1.0000000000E-09   -0.0000000000E+00
    4.0622250643E+00    1.0000000000E-09    1.0000000000E-09    1.0000000000E-09   -0.0000000000E+00
    4.1091941467E+00    1.0000000000E-09    1.0000000000E-09    1.0000000000E-09   -0.0000000000E+00
    4.1561632292E+00    1.0000000000E-09    1.0000000000E-09    1.0000000000E-09   -0.0000000000E+00
    4.2031323117E+00    1.0000000000E-09    1.0000000000E-09    1.0000000000E-09   -0.0000000000E+00
    4.2501013941E+00    1.0000000000E-09    1.0000000000E-09    1.0000000000E-09   -0.0000000000E+00
    4.2970704766E+00    1.0000000000E-09    1.0000000000E-09    1.0000000000E-09   -0.0000000000E+00
    4.3440395591E+00    1.0000000000E-09    1.0000000000E-09    1.0000000000E-09   -0.0000000000E+00
    4.3910086416E+00    1.0000000000E-09    1.0000000000E-09    1.0000000000E-09   -0.0000000000E+00
    4.4379777240E+00    1.0000000000E-09    1.0000000000E-09    1.0000000000E-09   -0.0000000000E+00
    4.4849468065E+00    1.0000000000E-09    1.0000000000E-09    1.0000000000E-09   -0.0000000000E+00
    4.5319158890E+00    1.0000000000E-09    1.0000000000E-09    1.0000000000E-09   -0.0000000000E+00
    4.5788849714E+00    1.0000000000E-09    1.0000000000E-09    1.0000000000E-09   -0.0000000000E+00
    4.6258540539E+00    1.0000000000E-09    1.0000000000E-09    1.0000000000E-09   -0.0000000000E+00
    4.6728231364E+00    1.0000000000E-09    1.0000000000E-09    1.0000000000E-09   -0.0000000000E+00
    4.7197922189E+00    1.0000000000E-09    1.0000000000E-09    1.0000000000E-09   -0.0000000000E+00
    4.7667613013E+00    1.0000000000E-09    1.0000000000E-09    1.0000000000E-09   -0.0000000000E+00
    4.8137303838E+00    1.0000000000E-09    1.0000000000E-09    1.0000000000E-09   -0.0000000000E+00
    4.8606994663E+00    1.0000000000E-09    1.0000000000E-09    1.0000000000E-09   -0.0000000000E+00
    4.9076685488E+00    1.0000000000E-09    1.0000000000E-09    1.0000000000E-09   -0.0000000000E+00
    4.9546376312E+00    1.0000000000E-09    1.0000000000E-09    1.0000000000E-09   -0.0000000000E+00
    5.0016067137E+00    1.0000000000E-09    1.0000000000E-09    1.0000000000E-09   -0.0000000000E+00
    5.0485757962E+00    1.0000000000E-09    1.0000000000E-09    1.0000000000E-09   -0.0000000000E+00
    5.0955448786E+00    1.0000000000E-09    1.0000000000E-09    1.0000000000E-09   -0.0000000000E+00
    5.1425139611E+00    1.0000000000E-09    1.0000000000E-09    1.0000000000E-09   -0.0000000000E+00
    5.1894830436E+00    1.0000000000E-09    1.0000000000E-09    1.0000000000E-09   -0.0000000000E+00
    5.2364521261E+00    1.0000000000E-09    1.0000000000E-09    1.0000000000E-09   -0.0000000000E+00
    5.2834212085E+00    1.0000000000E-09    1.0000000000E-09    1.0000000000E-09   -0.0000000000E+00
    5.3303902910E+00    1.0000000000E-09    1.0000000000E-09    1.0000000000E-09   -0.0000000000E+00
    5.3773593735E+00    1.0000000000E-09    1.0000000000E-09    1.0000000000E-09   -0.0000000000E+00
    5.4243284559E+00    1.0000000000E-09    1.0000000000E-09    1.0000000000E-09   -0.0000000000E+00
    5.4712975384E+00    1.0000000000E-09    1.0000000000E-09    1.0000000000E-09   -0.0000000000E+00
    5.5182666209E+00    1.0000000000E-09    1.0000000000E-09    1.0000000000E-09   -0.0000000000E+00
    5.5652357034E+00    1.0000000000E-09    1.0000000000E-09    1.0000000000E-09   -0.0000000000E+00
    5.6122047858E+00    1.0000000000E-09    1.0000000000E-09    1.0000000000E-09   -0.0000000000E+00
    5.6591738683E+00    1.0000000000E-09    1.0000000000E-09    1.0000000000E-09   -0.0000000000E+00
    5.7061429508E+00    1.0000000000E-09    1.0000000000E-09    1.0000000000E-09   -0.0000000000E+00
    5.7531120332E+00    1.0000000000E-09    1.0000000000E-09    1.0000000000E-09   -0.0000000000E+00
    5.8000811157E+00    1.0000000000E-09    1.0000000000E-09    1.0000000000E-09   -0.0000000000E+00
    5.8470501982E+00    1.0000000000E-09    1.0000000000E-09    1.0000000000E-09   -0.0000000000E+00
    5.8940192807E+00    1.0000000000E-09    1.0000000000E-09    1.0000000000E-09   -0.0000000000E+00
    5.9409883631E+00    1.0000000000E-09    1.0000000000E-09    1.0000000000E-09   -0.0000000000E+00
    5.9879574456E+00    1.0000000000E-09    1.0000000000E-09    1.0000000000E-09   -0.0000000000E+00
    6.0349265281E+00    1.0000000000E-09    1.0000000000E-09    1.0000000000E-09   -0.0000000000E+00
    6.0818956106E+00    1.0000000000E-09    1.0000000000E-09    1.0000000000E-09   -0.0000000000E+00
    6.1288646930E+00    1.0000000000E-09    1.0000000000E-09    1.0000000000E-09   -0.0000000000E+00
    6.1758337755E+00    1.0000000000E-09    1.0000000000E-09    1.0000000000E-09   -0.0000000000E+00
    6.2228028580E+00    1.0000000000E-09    1.0000000000E-09    1.0000000000E-09   -0.0000000000E+00
    6.2697719404E+00    1.0000000000E-09    1.0000000000E-09    1.0000000000E-09   -0.0000000000E+00
    6.3167410229E+00    1.0000000000E-09    1.0000000000E-09    1.0000000000E-09   -0.0000000000E+00
    6.3637101054E+00    1.0000000000E-09    1.0000000000E-09    1.0000000000E-09   -0.0000000000E+00
    6.4106791879E+00    1.0000000000E-09    1.0000000000E-09    1.0000000000E-09   -0.0000000000E+00
    6.4576482703E+00    1.0000000000E-09    1.0000000000E-09    1.0000000000E-09   -0.0000000000E+00
    6.5046173528E+00    1.0000000000E-09    1.0000000000E-09    1.0000000000E-09   -0.0000000000E+00
    6.5515864353E+00    1.0000000000E-09    1.0000000000E-09    1.0000000000E-09   -0.0000000000E+00
    6.5985555177E+00    1.0000000000E-09    1.0000000000E-09    1.0000000000E-09   -0.0000000000E+00
    6.6455246002E+00    1.0000000000E-09    1.0000000000E-09    1.0000000000E-09   -0.0000000000E+00
    6.6924936827E+00    1.0000000000E-09    1.0000000000E-09    1.0000000000E-09   -0.0000000000E+00
    6.7394627652E+00    1.0000000000E-09    1.0000000000E-09    1.0000000000E-09   -0.0000000000E+00
    6.7864318476E+00    1.0000000000E-09    1.0000000000E-09    1.0000000000E-09   -0.0000000000E+00
    6.8334009301E+00    1.0000000000E-09    1.0000000000E-09    1.0000000000E-09   -0.0000000000E+00
    6.8803700126E+00    1.0000000000E-09    1.0000000000E-09    1.0000000000E-09   -0.0000000000E+00
    6.9273390951E+00    1.0000000000E-09    1.0000000000E-09    1.0000000000E-09   -0.0000000000E+00
    6.9743081775E+00    1.0000000000E-09    1.0000000000E-09    1.0000000000E-09   -0.0000000000E+00
    7.0212772600E+00    1.0000000000E-09    1.0000000000E-09    1.0000000000E-09   -0.0000000000E+00
    7.0682463425E+00    1.0000000000E-09    1.0000000000E-09    1.0000000000E-09   -0.0000000000E+00
    7.1152154249E+00    1.0000000000E-09    1.0000000000E-09    1.0000000000E-09   -0.0000000000E+00
    7.1621845074E+00    1.0000000000E-09    1.0000000000E-09    1.0000000000E-09   -0.0000000000E+00
    7.2091535899E+00    1.0000000000E-09    1.0000000000E-09    1.0000000000E-09   -0.0000000000E+00
    7.2561226724E+00    1.0000000000E-09    1.0000000000E-09    1.0000000000E-09   -0.0000000000E+00
    7.3030917548E+00    1.0000000000E-09    1.0000000000E-09    1.0000000000E-09   -0.0000000000E+00
    7.3500608373E+00    1.0000000000E-09    1.0000000000E-09    1.0000000000E-09   -0.0000000000E+00
    7.3970299198E+00    1.0000000000E-09    1.0000000000E-09    1.0000000000E-09   -0.0000000000E+00
    7.4439990022E+00    1.0000000000E-09    1.0000000000E-09    1.0000000000E-09   -0.0000000000E+00
    7.4909680847E+00    1.0000000000E-09    1.0000000000E-09    1.0000000000E-09   -0.0000000000E+00
    7.5379371672E+00    1.0000000000E-09    1.0000000000E-09    1.0000000000E-09   -0.0000000000E+00
    7.5849062497E+00    1.0000000000E-09    1.0000000000E-09    1.0000000000E-09   -0.0000000000E+00
    7.6318753321E+00    1.0000000000E-09    1.0000000000E-09    1.0000000000E-09   -0.0000000000E+00
    7.6788444146E+00    1.0000000000E-09    1.0000000000E-09    1.0000000000E-09   -0.0000000000E+00
    7.7258134971E+00    1.0000000000E-09    1.0000000000E-09    1.0000000000E-09   -0.0000000000E+00
    7.7727825795E+00    1.0000000000E-09    1.0000000000E-09    1.0000000000E-09   -0.0000000000E+00
    7.8197516620E+00    1.0000000000E-09    1.0000000000E-09    1.0000000000E-09   -0.0000000000E+00
    7.8667207445E+00    1.0000000000E-09    1.0000000000E-09    1.0000000000E-09   -0.0000000000E+00
    7.9136898270E+00    1.0000000000E-09    1.0000000000E-09    1.0000000000E-09   -0.0000000000E+00
    7.9606589094E+00    1.0000000000E-09    1.0000000000E-09    1.0000000000E-09   -0.0000000000E+00
    8.0076279919E+00    1.0000000000E-09    1.0000000000E-09    1.0000000000E-09   -0.0000000000E+00
    8.0545970744E+00    1.0000000000E-09    1.0000000000E-09    1.0000000000E-09   -0.0000000000E+00
    8.1015661569E+00    1.0000000000E-09    1.0000000000E-09    1.0000000000E-09   -0.0000000000E+00
    8.1485352393E+00    1.0000000000E-09    1.0000000000E-09    1.0000000000E-09   -0.0000000000E+00
    8.1955043218E+00    1.0000000000E-09    1.0000000000E-09    1.0000000000E-09   -0.0000000000E+00
    8.2424734043E+00    1.0000000000E-09    1.0000000000E-09    1.0000000000E-09   -0.0000000000E+00
    8.2894424867E+00    1.0000000000E-09    1.0000000000E-09    1.0000000000E-09   -0.0000000000E+00
    8.3364115692E+00    1.0000000000E-09    1.0000000000E-09    1.0000000000E-09   -0.0000000000E+00
    8.3833806517E+00    1.0000000000E-09    1.0000000000E-09    1.0000000000E-09   -0.0000000000E+00
    8.4303497342E+00    1.0000000000E-09    1.0000000000E-09    1.0000000000E-09   -0.0000000000E+00
    8.4773188166E+00    1.0000000000E-09    1.0000000000E-09    1.0000000000E-09   -0.0000000000E+00
    8.5242878991E+00    1.0000000000E-09    1.0000000000E-09    1.0000000000E-09   -0.0000000000E+00
    8.5712569816E+00    1.0000000000E-09    1.0000000000E-09    1.0000000000E-09   -0.0000000000E+00
    8.6182260640E+00    1.0000000000E-09    1.0000000000E-09    1.0000000000E-09   -0.0000000000E+00
    8.6651951465E+00    1.0000000000E-09    1.0000000000E-09    1.0000000000E-09   -0.0000000000E+00
    8.7121642290E+00    1.0000000000E-09    1.0000000000E-09    1.0000000000E-09   -0.0000000000E+00
    8.7591333115E+00    1.0000000000E-09    1.0000000000E-09    1.0000000000E-09   -0.0000000000E+00
    8.8061023939E+00    1.0000000000E-09    1.0000000000E-09    1.0000000000E-09   -0.0000000000E+00
    8.8530714764E+00    1.0000000000E-09    1.0000000000E-09    1.0000000000E-09   -0.0000000000E+00
    8.9000405589E+00    1.0000000000E-09    1.0000000000E-09    1.0000000000E-09   -0.0000000000E+00
    8.9470096413E+00    1.0000000000E-09    1.0000000000E-09    1.0000000000E-09   -0.0000000000E+00
    8.9939787238E+00    1.0000000000E-09    1.0000000000E-09    1.0000000000E-09   -0.0000000000E+00
    9.0409478063E+00    1.0000000000E-09    1.0000000000E-09    1.0000000000E-09   -0.0000000000E+00
    9.0879168888E+00    1.0000000000E-09    1.0000000000E-09    1.0000000000E-09   -0.0000000000E+00
    9.1348859712E+00    1.0000000000E-09    1.0000000000E-09    1.0000000000E-09   -0.0000000000E+00
    9.1818550537E+00    1.0000000000E-09    1.0000000000E-09    1.0000000000E-09   -0.0000000000E+00
    9.2288241362E+00    1.0000000000E-09    1.0000000000E-09    1.0000000000E-09   -0.0000000000E+00
    9.2757932187E+00    1.0000000000E-09    1.0000000000E-09    1.0000000000E-09   -0.0000000000E+00
    9.3227623011E+00    1.0000000000E-09    1.0000000000E-09    1.0000000000E-09   -0.0000000000E+00
    9.3697313836E+00    1.0000000000E-09    1.0000000000E-09    1.0000000000E-09   -0.0000000000E+00
    9.4167004661E+00    1.0000000000E-09    1.0000000000E-09    1.0000000000E-09   -0.0000000000E+00
    9.4636695485E+00    1.0000000000E-09    1.0000000000E-09    1.0000000000E-09   -0.0000000000E+00
    9.5106386310E+00    1.0000000000E-09    1.0000000000E-09    1.0000000000E-09   -0.0000000000E+00
    9.5576077135E+00    1.0000000000E-09    1.0000000000E-09    1.0000000000E-09   -0.0000000000E+00
    9.6045767960E+00    1.0000000000E-09    1.0000000000E-09    1.0000000000E-09   -0.0000000000E+00
    9.6515458784E+00    1.0000000000E-09    1.0000000000E-09    1.0000000000E-09   -0.0000000000E+00
    9.6985149609E+00    1.0000000000E-09    1.0000000000E-09    1.0000000000E-09   -0.0000000000E+00
    9.7454840434E+00    1.0000000000E-09    1.0000000000E-09    1.0000000000E-09   -0.0000000000E+00
    9.7924531258E+00    1.0000000000E-09    1.0000000000E-09    1.0000000000E-09   -0.0000000000E+00
    9.8394222083E+00    1.0000000000E-09    1.0000000000E-09    1.0000000000E-09   -0.0000000000E+00
    9.8863912908E+00    1.0000000000E-09    1.0000000000E-09    1.0000000000E-09   -0.0000000000E+00
    9.9333603733E+00    1.0000000000E-09    1.0000000000E-09    1.0000000000E-09   -0.0000000000E+00
    9.9803294557E+00    1.0000000000E-09    1.0000000000E-09    1.0000000000E-09   -0.0000000000E+00
    1.0027298538E+01    1.0000000000E-09    1.0000000000E-09    1.0000000000E-09   -0.0000000000E+00
    1.0074267621E+01    1.0000000000E-09    1.0000000000E-09    1.0000000000E-09   -0.0000000000E+00
    1.0121236703E+01    1.0000000000E-09    1.0000000000E-09    1.0000000000E-09   -0.0000000000E+00
    1.0168205786E+01    1.0000000000E-09    1.0000000000E-09    1.0000000000E-09   -0.0000000000E+00
    1.0215174868E+01    1.0000000000E-09    1.0000000000E-09    1.0000000000E-09   -0.0000000000E+00
    1.0262143951E+01    1.0000000000E-09    1.0000000000E-09    1.0000000000E-09   -0.0000000000E+00
    1.0309113033E+01    1.0000000000E-09    1.0000000000E-09    1.0000000000E-09   -0.0000000000E+00
    1.0356082116E+01    1.0000000000E-09    1.0000000000E-09    1.0000000000E-09   -0.0000000000E+00
    1.0403051198E+01    1.0000000000E-09    1.0000000000E-09    1.0000000000E-09   -0.0000000000E+00
    1.0450020280E+01    1.0000000000E-09    1.0000000000E-09    1.0000000000E-09   -0.0000000000E+00
    1.0496989363E+01    1.0000000000E-09    1.0000000000E-09    1.0000000000E-09   -0.0000000000E+00
    1.0543958445E+01    1.0000000000E-09    1.0000000000E-09    1.0000000000E-09   -0.0000000000E+00
    1.0590927528E+01    1.0000000000E-09    1.0000000000E-09    1.0000000000E-09   -0.0000000000E+00
    1.0637896610E+01    1.0000000000E-09    1.0000000000E-09    1.0000000000E-09   -0.0000000000E+00
    1.0684865693E+01    1.0000000000E-09    1.0000000000E-09    1.0000000000E-09   -0.0000000000E+00
    1.0731834775E+01    1.0000000000E-09    1.0000000000E-09    1.0000000000E-09   -0.0000000000E+00
    1.0778803858E+01    1.0000000000E-09    1.0000000000E-09    1.0000000000E-09   -0.0000000000E+00
    1.0825772940E+01    1.0000000000E-09    1.0000000000E-09    1.0000000000E-09   -0.0000000000E+00
    1.0872742023E+01    1.0000000000E-09    1.0000000000E-09    1.0000000000E-09   -0.0000000000E+00
    1.0919711105E+01    1.0000000000E-09    1.0000000000E-09    1.0000000000E-09   -0.0000000000E+00
    1.0966680188E+01    1.0000000000E-09    1.0000000000E-09    1.0000000000E-09   -0.0000000000E+00
    1.1013649270E+01    1.0000000000E-09    1.0000000000E-09    1.0000000000E-09   -0.0000000000E+00
    1.1060618353E+01    1.0000000000E-09    1.0000000000E-09    1.0000000000E-09   -0.0000000000E+00
    1.1107587435E+01    1.0000000000E-09    1.0000000000E-09    1.0000000000E-09   -0.0000000000E+00
    1.1154556518E+01    1.0000000000E-09    1.0000000000E-09    1.0000000000E-09   -0.0000000000E+00
    1.1201525600E+01    1.0000000000E-09    1.0000000000E-09    1.0000000000E-09   -0.0000000000E+00
    1.1248494682E+01    1.0000000000E-09    1.0000000000E-09    1.0000000000E-09   -0.0000000000E+00
    1.1295463765E+01    1.0000000000E-09    1.0000000000E-09    1.0000000000E-09   -0.0000000000E+00
    1.1342432847E+01    1.0000000000E-09    1.0000000000E-09    1.0000000000E-09   -0.0000000000E+00
    1.1389401930E+01    1.0000000000E-09    1.0000000000E-09    1.0000000000E-09   -0.0000000000E+00
    1.1436371012E+01    1.0000000000E-09    1.0000000000E-09    1.0000000000E-09   -0.0000000000E+00
    1.1483340095E+01    1.0000000000E-09    1.0000000000E-09    1.0000000000E-09   -0.0000000000E+00
    1.1530309177E+01    1.0000000000E-09    1.0000000000E-09    1.0000000000E-09   -0.0000000000E+00
    1.1577278260E+01    1.0000000000E-09    1.0000000000E-09    1.0000000000E-09   -0.0000000000E+00
    1.1624247342E+01    1.0000000000E-09    1.0000000000E-09    1.0000000000E-09   -0.0000000000E+00
    1.1671216425E+01    1.0000000000E-09    1.0000000000E-09    1.0000000000E-09   -0.0000000000E+00
    1.1718185507E+01    1.0000000000E-09    1.0000000000E-09    1.0000000000E-09   -0.0000000000E+00
    1.1765154590E+01    1.0000000000E-09    1.0000000000E-09    1.0000000000E-09   -0.0000000000E+00
    1.1812123672E+01    1.0000000000E-09    1.0000000000E-09    1.0000000000E-09   -0.0000000000E+00
    1.1859092755E+01    1.0000000000E-09    1.0000000000E-09    1.0000000000E-09   -0.0000000000E+00
    1.1906061837E+01    1.0000000000E-09    1.0000000000E-09    1.0000000000E-09   -0.0000000000E+00
    1.1953030920E+01    1.0000000000E-09    1.0000000000E-09    1.0000000000E-09   -0.0000000000E+00
    1.2000000002E+01    1.0000000000E-09    1.0000000000E-09    1.0000000000E-09   -0.0000000000E+00
