 -0.10299166257969594     
  -6.8661108386463957E-002
  -3.4330554193231978E-002
   0.0000000000000000     
   3.4330554193231978E-002
   6.8661108386463957E-002
  0.10299166257969594     
  0.13732221677292791     
  0.17165277096615988     
  0.20598332515939188     
  0.24031387935262385     
  0.27464443354585583     
  0.30897498773908783     
  0.34330554193231977     
  0.37763609612555177     
  0.41196665031878377     
  0.44629720451201571     
  0.48062775870524771     
  0.51495831289847971     
  0.54928886709171165     
  0.58361942128494360     
  0.61794997547817565     
  0.65228052967140759     
  0.68661108386463954     
  0.72094163805787159     
  0.75527219225110354     
  0.78960274644433548     
  0.82393330063756753     
  0.85826385483079948     
  0.89259440902403142     
  0.92692496321726336     
  0.96125551741049542     
  0.99558607160372736     
   1.0299166257969594     
   1.0642471799901914     
   1.0985777341834233     
   1.1329082883766552     
   1.1672388425698872     
   1.2015693967631191     
   1.2358999509563513     
   1.2702305051495832     
   1.3045610593428152     
   1.3388916135360471     
   1.3732221677292791     
   1.4075527219225110     
   1.4418832761157432     
   1.4762138303089751     
   1.5105443845022071     
   1.5448749386954390     
   1.5792054928886710     
   1.6135360470819029     
   1.6478666012751351     
   1.6821971554683670     
   1.7165277096615990     
   1.7508582638548309     
   1.7851888180480628     
   1.8195193722412948     
   1.8538499264345267     
   1.8881804806277589     
   1.9225110348209908     
   1.9568415890142228     
   1.9911721432074547     
   2.0255026974006869     
   2.0598332515939188     
   2.0941638057871508     
   2.1284943599803827     
   2.1628249141736147     
   2.1971554683668466     
   2.2314860225600786     
   2.2658165767533105     
   2.3001471309465424     
   2.3344776851397744     
   2.3688082393330063     
   2.4031387935262383     
   2.4374693477194707     
   2.4717999019127026     
   2.5061304561059345     
   2.5404610102991665     
   2.5747915644923984     
   2.6091221186856304     
   2.6434526728788623     
   2.6777832270720943     
   2.7121137812653262     
   2.7464443354585582     
   2.7807748896517901     
   2.8151054438450220     
   2.8494359980382540     
   2.8837665522314864     
   2.9180971064247183     
   2.9524276606179503     
   2.9867582148111822     
   3.0210887690044141     
   3.0554193231976461     
   3.0897498773908780     
   3.1240804315841100     
   3.1584109857773419     
   3.1927415399705739     
   3.2270720941638058     
   3.2614026483570377     
   3.2957332025502701     
   3.3300637567435021     
   3.3643943109367340     
   3.3987248651299660     
   3.4330554193231979     
   3.4673859735164299     
   3.5017165277096618     
   3.5360470819028937     
   3.5703776360961257     
   3.6047081902893576     
   3.6390387444825896     
   3.6733692986758215     
   3.7076998528690535     
   3.7420304070622858     
   3.7763609612555178     
   3.8106915154487497     
   3.8450220696419817     
   3.8793526238352136     
   3.9136831780284456     
   3.9480137322216775     
   3.9823442864149095     
   4.0166748406081414     
   4.0510053948013738     
   4.0853359489946053     
   4.1196665031878377     
   4.1539970573810692     
   4.1883276115743016     
   4.2226581657675331     
   4.2569887199607654     
   4.2913192741539969     
   4.3256498283472293     
   4.3599803825404608     
   4.3943109367336932     
   4.4286414909269256     
   4.4629720451201571     
   4.4973025993133895     
   4.5316331535066210     
   4.5659637076998534     
   4.6002942618930849     
   4.6346248160863173     
   4.6689553702795488     
   4.7032859244727812     
   4.7376164786660127     
   4.7719470328592450     
   4.8062775870524765     
   4.8406081412457089     
   4.8749386954389413     
   4.9092692496321728     
   4.9435998038254052     
   4.9779303580186367     
   5.0122609122118691     
   5.0465914664051006     
   5.0809220205983330     
   5.1152525747915645     
   5.1495831289847969     
   5.1839136831780284     
   5.2182442373712608     
   5.2525747915644923     
   5.2869053457577246     
   5.3212358999509570     
   5.3555664541441885     
   5.3898970083374209     
   5.4242275625306524     
   5.4585581167238848     
   5.4928886709171163     
   5.5272192251103487     
   5.5615497793035802     
   5.5958803334968126     
   5.6302108876900441     
   5.6645414418832765     
   5.6988719960765080     
   5.7332025502697403     
   5.7675331044629727     
   5.8018636586562042     
   5.8361942128494366     
   5.8705247670426681     
   5.9048553212359005     
   5.9391858754291320     
   5.9735164296223644     
   6.0078469838155959     
   6.0421775380088283     
   6.0765080922020598     
   6.1108386463952922     
   6.1451692005885237     
   6.1794997547817561     
   6.2138303089749884     
   6.2481608631682199     
   6.2824914173614523     
   6.3168219715546838     
   6.3511525257479162     
   6.3854830799411477     
   6.4198136341343801     
   6.4541441883276116     
   6.4884747425208440     
   6.5228052967140755     
   6.5571358509073079     
   6.5914664051005403     
   6.6257969592937718     
   6.6601275134870042     
   6.6944580676802357     
   6.7287886218734680     
   6.7631191760666995     
   6.7974497302599319     
   6.8317802844531634     
   6.8661108386463958     
   6.9004413928396273     
   6.9347719470328597     
   6.9691025012260912     
   7.0034330554193236     
   7.0377636096125560     
   7.0720941638057875     
   7.1064247179990199     
   7.1407552721922514     
   7.1750858263854838     
   7.2094163805787153     
   7.2437469347719476     
   7.2780774889651791     
   7.3124080431584115     
   7.3467385973516430     
   7.3810691515448754     
   7.4153997057381069     
   7.4497302599313393     
   7.4840608141245717     
   7.5183913683178032     
   7.5527219225110356     
   7.5870524767042671     
   7.6213830308974995     
   7.6557135850907310     
   7.6900441392839634     
   7.7243746934771949     
   7.7587052476704272     
   7.7930358018636587     
   7.8273663560568911     
   7.8616969102501226     
   7.8960274644433550     
   7.9303580186365874     
   7.9646885728298189     
   7.9990191270230513     
   8.0333496812162828     
   8.0676802354095152     
   8.1020107896027476     
   8.1363413437959782     
   8.1706718979892106     
   8.2050024521824430     
   8.2393330063756753     
   8.2736635605689060     
   8.3079941147621383     
   8.3423246689553707     
   8.3766552231486031     
   8.4109857773418355     
   8.4453163315350661     
   8.4796468857282985     
   8.5139774399215309     
   8.5483079941147633     
   8.5826385483079939     
   8.6169691025012263     
   8.6512996566944587     
   8.6856302108876910     
   8.7199607650809217     
   8.7542913192741540     
   8.7886218734673864     
   8.8229524276606188     
   8.8572829818538512     
   8.8916135360470818     
   8.9259440902403142     
   8.9602746444335466     
   8.9946051986267790     
   9.0289357528200096     
   9.0632663070132420     
   9.0975968612064744     
   9.1319274153997068     
   9.1662579695929374     
   9.2005885237861698     
   9.2349190779794021     
   9.2692496321726345     
   9.3035801863658669     
   9.3379107405590975     
   9.3722412947523299     
   9.4065718489455623     
   9.4409024031387947     
   9.4752329573320253     
   9.5095635115252577     
   9.5438940657184901     
   9.5782246199117225     
   9.6125551741049531     
   9.6468857282981855     
   9.6812162824914179     
   9.7155468366846502     
   9.7498773908778826     
   9.7842079450711132     
   9.8185384992643456     
   9.8528690534575780     
   9.8871996076508104     
   9.9215301618440410     
   9.9558607160372734     
   9.9901912702305058     
   10.024521824423738     
   10.058852378616969     
   10.093182932810201     
   10.127513487003434     
   10.161844041196666     
   10.196174595389898     
   10.230505149583129     
   10.264835703776361     
   10.299166257969594     
   10.333496812162826     
   10.367827366356057     
   10.402157920549289     
   10.436488474742522     
   10.470819028935754     
   10.505149583128985     
   10.539480137322217     
   10.573810691515449     
   10.608141245708682     
   10.642471799901914     
   10.676802354095145     
   10.711132908288377     
   10.745463462481609     
   10.779794016674842     
   10.814124570868072     
   10.848455125061305     
   10.882785679254537     
   10.917116233447770     
   10.951446787641000     
   10.985777341834233     
   11.020107896027465     
   11.054438450220697     
   11.088769004413930     
   11.123099558607160     
   11.157430112800393     
   11.191760666993625     
   11.226091221186858     
   11.260421775380088     
   11.294752329573321     
   11.329082883766553     
   11.363413437959785     
   11.397743992153016     
   11.432074546346248     
   11.466405100539481     
   11.500735654732713     
   11.535066208925945     
   11.569396763119176     
   11.603727317312408     
   11.638057871505641     
   11.672388425698873     
   11.706718979892104     
   11.741049534085336     
   11.775380088278569     
   11.809710642471801     
   11.844041196665032     
   11.878371750858264     
   11.912702305051496     
   11.947032859244729     
   11.981363413437961     
   12.015693967631192     
   12.050024521824424     
   12.084355076017657     
   12.118685630210889     
   12.153016184404120     
   12.187346738597352     
   12.221677292790584     
   12.256007846983817     
   12.290338401177047     
   12.324668955370280     
   12.358999509563512     
   12.393330063756745     
   12.427660617949977     
   12.461991172143208     
   12.496321726336440     
   12.530652280529672     
   12.564982834722905     
   12.599313388916135     
   12.633643943109368     
   12.667974497302600     
   12.702305051495832     
   12.736635605689063     
   12.770966159882295     
   12.805296714075528     
   12.839627268268760     
   12.873957822461993     
   12.908288376655223     
   12.942618930848456     
   12.976949485041688     
   13.011280039234920     
   13.045610593428151     
   13.079941147621383     
   13.114271701814616     
   13.148602256007848     
   13.182932810201081     
   13.217263364394311     
   13.251593918587544     
   13.285924472780776     
   13.320255026974008     
   13.354585581167239     
   13.388916135360471     
   13.423246689553704     
   13.457577243746936     
   13.491907797940167     
   13.526238352133399     
   13.560568906326631     
   13.594899460519864     
   13.629230014713096     
   13.663560568906327     
   13.697891123099559     
   13.732221677292792     
   13.766552231486024     
   13.800882785679255     
   13.835213339872487     
   13.869543894065719     
   13.903874448258952     
   13.938205002452182     
   13.972535556645415     
   14.006866110838647     
   14.041196665031880     
   14.075527219225112     
   14.109857773418343     
   14.144188327611575     
   14.178518881804807     
   14.212849435998040     
   14.247179990191270     
   14.281510544384503     
   14.315841098577735     
   14.350171652770968     
   14.384502206964198     
   14.418832761157431     
   14.453163315350663     
   14.487493869543895     
   14.521824423737128     
   14.556154977930358     
   14.590485532123591     
   14.624816086316823     
   14.659146640510055     
   14.693477194703286     
   14.727807748896518     
   14.762138303089751     
   14.796468857282983     
   14.830799411476214     
   14.865129965669446     
   14.899460519862679     
   14.933791074055911     
   14.968121628249143     
   15.002452182442374     
   15.036782736635606     
   15.071113290828839     
   15.105443845022071     
   15.139774399215302     
   15.174104953408534     
   15.208435507601767     
   15.242766061794999     
   15.277096615988230     
   15.311427170181462     
   15.345757724374694     
   15.380088278567927     
   15.414418832761159     
   15.448749386954390     
   15.483079941147622     
   15.517410495340854     
   15.551741049534087     
   15.586071603727317     
   15.620402157920550     
   15.654732712113782     
   15.689063266307015     
   15.723393820500245     
   15.757724374693478     
   15.792054928886710     
   15.826385483079942     
   15.860716037273175     
   15.895046591466405     
   15.929377145659638     
   15.963707699852870     
   15.998038254046103     
   16.032368808239333     
   16.066699362432566     
   16.101029916625798     
   16.135360470819030     
   16.169691025012263     
   16.204021579205495     
   16.238352133398724     
   16.272682687591956     
   16.307013241785189     
   16.341343795978421     
   16.375674350171654     
   16.410004904364886     
   16.444335458558118     
   16.478666012751351     
   16.512996566944583     
   16.547327121137812     
   16.581657675331044     
   16.615988229524277     
   16.650318783717509     
   16.684649337910741     
   16.718979892103974     
   16.753310446297206     
   16.787641000490439     
   16.821971554683671     
   16.856302108876900     
   16.890632663070132     
   16.924963217263365     
   16.959293771456597     
   16.993624325649829     
   17.027954879843062     
   17.062285434036294     
   17.096615988229527     
   17.130946542422755     
   17.165277096615988     
   17.199607650809220     
   17.233938205002453     
   17.268268759195685     
   17.302599313388917     
   17.336929867582150     
   17.371260421775382     
   17.405590975968614     
   17.439921530161843     
   17.474252084355076     
   17.508582638548308     
   17.542913192741540     
   17.577243746934773     
   17.611574301128005     
   17.645904855321238     
   17.680235409514470     
   17.714565963707702     
   17.748896517900931     
   17.783227072094164     
   17.817557626287396     
   17.851888180480628     
   17.886218734673861     
   17.920549288867093     
   17.954879843060326     
   17.989210397253558     
   18.023540951446790     
   18.057871505640019     
   18.092202059833252     
   18.126532614026484     
   18.160863168219716     
   18.195193722412949     
   18.229524276606181     
   18.263854830799414     
   18.298185384992646     
   18.332515939185875     
   18.366846493379107     
   18.401177047572340     
   18.435507601765572     
   18.469838155958804     
   18.504168710152037     
   18.538499264345269     
   18.572829818538501     
   18.607160372731734     
   18.641490926924963     
   18.675821481118195     
   18.710152035311427     
   18.744482589504660     
   18.778813143697892     
   18.813143697891125     
   18.847474252084357     
   18.881804806277589     
   18.916135360470822     
   18.950465914664051     
   18.984796468857283     
   19.019127023050515     
   19.053457577243748     
   19.087788131436980     
   19.122118685630213     
   19.156449239823445     
   19.190779794016677     
   19.225110348209906     
   19.259440902403139     
   19.293771456596371     
   19.328102010789603     
   19.362432564982836     
   19.396763119176068     
   19.431093673369300     
   19.465424227562533     
   19.499754781755765     
   19.534085335948994     
   19.568415890142226     
   19.602746444335459     
   19.637076998528691     
   19.671407552721924     
   19.705738106915156     
   19.740068661108388     
   19.774399215301621     
   19.808729769494853     
   19.843060323688082     
   19.877390877881314     
   19.911721432074547     
   19.946051986267779     
   19.980382540461012     
   20.014713094654244     
   20.049043648847476     
   20.083374203040709     
   20.117704757233938     
   20.152035311427170     
   20.186365865620402     
   20.220696419813635     
   20.255026974006867     
   20.289357528200100     
   20.323688082393332     
   20.358018636586564     
   20.392349190779797     
   20.426679744973026     
   20.461010299166258     
   20.495340853359490     
   20.529671407552723     
   20.564001961745955     
   20.598332515939187     
   20.632663070132420     
   20.666993624325652     
   20.701324178518885     
   20.735654732712113     
   20.769985286905346     
   20.804315841098578     
   20.838646395291811     
   20.872976949485043     
   20.907307503678275     
   20.941638057871508     
   20.975968612064740     
   21.010299166257969     
   21.044629720451201     
   21.078960274644434     
   21.113290828837666     
   21.147621383030899     
   21.181951937224131     
   21.216282491417363     
   21.250613045610596     
   21.284943599803828     
   21.319274153997057     
   21.353604708190289     
   21.387935262383522     
   21.422265816576754     
   21.456596370769986     
   21.490926924963219     
   21.525257479156451     
   21.559588033349684     
   21.593918587542916     
   21.628249141736145     
   21.662579695929377     
   21.696910250122610     
   21.731240804315842     
   21.765571358509074     
   21.799901912702307     
   21.834232466895539     
   21.868563021088772     
   21.902893575282000     
   21.937224129475233     
   21.971554683668465     
   22.005885237861698     
   22.040215792054930     
   22.074546346248162     
   22.108876900441395     
   22.143207454634627     
   22.177538008827860     
   22.211868563021088     
   22.246199117214321     
   22.280529671407553     
   22.314860225600786     
   22.349190779794018     
   22.383521333987250     
   22.417851888180483     
   22.452182442373715     
   22.486512996566947     
   22.520843550760176     
   22.555174104953409     
   22.589504659146641     
   22.623835213339873     
   22.658165767533106     
   22.692496321726338     
   22.726826875919571     
   22.761157430112803     
   22.795487984306032     
   22.829818538499264     
   22.864149092692497     
   22.898479646885729     
   22.932810201078961     
   22.967140755272194     
   23.001471309465426     
   23.035801863658659     
   23.070132417851891     
   23.104462972045120     
   23.138793526238352     
   23.173124080431585     
   23.207454634624817     
   23.241785188818049     
   23.276115743011282     
   23.310446297204514     
   23.344776851397746     
   23.379107405590979     
   23.413437959784208     
   23.447768513977440     
   23.482099068170672     
   23.516429622363905     
   23.550760176557137     
   23.585090730750370     
   23.619421284943602     
   23.653751839136834     
   23.688082393330063     
   23.722412947523296     
   23.756743501716528     
   23.791074055909760     
   23.825404610102993     
   23.859735164296225     
   23.894065718489458     
   23.928396272682690     
   23.962726826875922     
   23.997057381069151     
   24.031387935262384     
   24.065718489455616     
   24.100049043648848     
   24.134379597842081     
   24.168710152035313     
   24.203040706228546     
   24.237371260421778     
   24.271701814615010     
   24.306032368808239     
   24.340362923001472     
   24.374693477194704     
   24.409024031387936     
   24.443354585581169     
   24.477685139774401     
   24.512015693967633     
   24.546346248160866     
   24.580676802354095     
   24.615007356547327     
   24.649337910740559     
   24.683668464933792     
   24.717999019127024     
   24.752329573320257     
   24.786660127513489     
   24.820990681706721     
   24.855321235899954     
   24.889651790093183     
   24.923982344286415     
   24.958312898479647     
   24.992643452672880     
   25.026974006866112     
   25.061304561059345     
   25.095635115252577     
   25.129965669445809     
   25.164296223639042     
   25.198626777832271     
   25.232957332025503     
   25.267287886218735     
   25.301618440411968     
   25.335948994605200     
   25.370279548798433     
   25.404610102991665     
   25.438940657184897     
   25.473271211378126     
   25.507601765571358     
   25.541932319764591     
   25.576262873957823     
   25.610593428151056     
   25.644923982344288     
   25.679254536537520     
   25.713585090730753     
   25.747915644923985     
   25.782246199117214     
   25.816576753310446     
   25.850907307503679     
   25.885237861696911     
   25.919568415890144     
   25.953898970083376     
   25.988229524276608     
   26.022560078469841     
   26.056890632663073     
   26.091221186856302     
   26.125551741049534     
   26.159882295242767     
   26.194212849435999     
   26.228543403629232     
   26.262873957822464     
   26.297204512015696     
   26.331535066208929     
   26.365865620402161     
   26.400196174595390     
   26.434526728788622     
   26.468857282981855     
   26.503187837175087     
   26.537518391368319     
   26.571848945561552     
   26.606179499754784     
   26.640510053948017     
   26.674840608141245     
   26.709171162334478     
   26.743501716527710     
   26.777832270720943     
   26.812162824914175     
   26.846493379107407     
   26.880823933300640     
   26.915154487493872     
   26.949485041687105     
   26.983815595880333     
   27.018146150073566     
   27.052476704266798     
   27.086807258460031     
   27.121137812653263     
   27.155468366846495     
   27.189798921039728     
   27.224129475232960     
   27.258460029426193     
   27.292790583619421     
   27.327121137812654     
   27.361451692005886     
   27.395782246199119     
   27.430112800392351     
   27.464443354585583     
   27.498773908778816     
   27.533104462972048     
   27.567435017165277     
   27.601765571358509     
   27.636096125551742     
   27.670426679744974     
   27.704757233938206     
   27.739087788131439     
   27.773418342324671     
   27.807748896517904     
   27.842079450711136     
   27.876410004904365     
   27.910740559097597     
   27.945071113290830     
   27.979401667484062     
   28.013732221677294     
   28.048062775870527     
   28.082393330063759     
   28.116723884256992     
   28.151054438450224     
   28.185384992643453     
   28.219715546836685     
   28.254046101029918     
   28.288376655223150     
   28.322707209416382     
   28.357037763609615     
   28.391368317802847     
   28.425698871996079     
   28.460029426189308     
   28.494359980382541     
   28.528690534575773     
   28.563021088769005     
   28.597351642962238     
   28.631682197155470     
   28.666012751348703     
   28.700343305541935     
   28.734673859735167     
   28.769004413928396     
   28.803334968121629     
   28.837665522314861     
   28.871996076508093     
   28.906326630701326     
   28.940657184894558     
   28.974987739087791     
   29.009318293281023     
   29.043648847474255     
   29.077979401667484     
   29.112309955860717     
   29.146640510053949     
   29.180971064247181     
   29.215301618440414     
   29.249632172633646     
   29.283962726826879     
   29.318293281020111     
   29.352623835213340     
   29.386954389406572     
   29.421284943599805     
   29.455615497793037     
   29.489946051986269     
   29.524276606179502     
   29.558607160372734     
   29.592937714565966     
   29.627268268759199     
   29.661598822952428     
   29.695929377145660     
   29.730259931338892     
   29.764590485532125     
   29.798921039725357     
   29.833251593918590     
   29.867582148111822     
   29.901912702305054     
   29.936243256498287     
   29.970573810691516     
   30.004904364884748     
   30.039234919077980     
   30.073565473271213     
   30.107896027464445     
   30.142226581657678     
   30.176557135850910     
   30.210887690044142     
   30.245218244237371     
   30.279548798430604     
   30.313879352623836     
   30.348209906817068     
   30.382540461010301     
   30.416871015203533     
   30.451201569396765     
   30.485532123589998     
   30.519862677783230     
   30.554193231976459     
   30.588523786169691     
   30.622854340362924     
   30.657184894556156     
   30.691515448749389     
   30.725846002942621     
   30.760176557135853     
   30.794507111329086     
   30.828837665522318     
   30.863168219715547     
   30.897498773908779     
   30.931829328102012     
   30.966159882295244     
   31.000490436488477     
   31.034820990681709     
   31.069151544874941     
   31.103482099068174     
   31.137812653261403     
   31.172143207454635     
   31.206473761647867     
   31.240804315841100     
   31.275134870034332     
   31.309465424227565     
   31.343795978420797     
   31.378126532614029     
   31.412457086807262     
   31.446787641000491     
   31.481118195193723     
   31.515448749386955     
   31.549779303580188     
   31.584109857773420     
   31.618440411966652     
   31.652770966159885     
   31.687101520353117     
   31.721432074546350     
   31.755762628739578     
   31.790093182932811     
   31.824423737126043     
   31.858754291319276     
   31.893084845512508     
   31.927415399705740     
   31.961745953898973     
   31.996076508092205     
   32.030407062285434     
   32.064737616478666     
   32.099068170671899     
   32.133398724865131     
   32.167729279058364     
   32.202059833251596     
   32.236390387444828     
   32.270720941638061     
   32.305051495831293     
   32.339382050024525     
   32.373712604217758     
   32.408043158410990     
   32.442373712604223     
   32.476704266797448     
   32.511034820990680     
   32.545365375183913     
   32.579695929377145     
   32.614026483570377     
   32.648357037763610     
   32.682687591956842     
   32.717018146150075     
   32.751348700343307     
   32.785679254536539     
   32.820009808729772     
   32.854340362923004     
   32.888670917116237     
   32.923001471309469     
   32.957332025502701     
   32.991662579695934     
   33.025993133889166     
   33.060323688082399     
   33.094654242275624     
   33.128984796468856     
   33.163315350662089     
   33.197645904855321     
   33.231976459048553     
   33.266307013241786     
   33.300637567435018     
   33.334968121628251     
   33.369298675821483     
   33.403629230014715     
   33.437959784207948     
   33.472290338401180     
   33.506620892594412     
   33.540951446787645     
   33.575282000980877     
   33.609612555174110     
   33.643943109367342     
   33.678273663560567     
   33.712604217753800     
   33.746934771947032     
   33.781265326140264     
   33.815595880333497     
   33.849926434526729     
   33.884256988719962     
   33.918587542913194     
   33.952918097106426     
   33.987248651299659     
   34.021579205492891     
   34.055909759686124     
   34.090240313879356     
   34.124570868072588     
   34.158901422265821     
   34.193231976459053     
   34.227562530652285     
   34.261893084845511     
   34.296223639038743     
   34.330554193231976     
   34.364884747425208     
   34.399215301618440     
   34.433545855811673     
   34.467876410004905     
   34.502206964198137     
   34.536537518391370     
   34.570868072584602     
   34.605198626777835     
   34.639529180971067     
   34.673859735164299     
   34.708190289357532     
   34.742520843550764     
   34.776851397743997     
   34.811181951937229     
   34.845512506130461     
   34.879843060323687     
   34.914173614516919     
   34.948504168710151     
   34.982834722903384     
   35.017165277096616     
   35.051495831289849     
   35.085826385483081     
   35.120156939676313     
   35.154487493869546     
   35.188818048062778     
   35.223148602256011     
   35.257479156449243     
   35.291809710642475     
   35.326140264835708     
   35.360470819028940     
   35.394801373222172     
   35.429131927415405     
   35.463462481608630     
   35.497793035801863     
   35.532123589995095     
   35.566454144188327     
   35.600784698381560     
   35.635115252574792     
   35.669445806768024     
   35.703776360961257     
   35.738106915154489     
   35.772437469347722     
   35.806768023540954     
   35.841098577734186     
   35.875429131927419     
   35.909759686120651     
   35.944090240313884     
   35.978420794507116     
   36.012751348700348     
   36.047081902893581     
   36.081412457086806     
   36.115743011280038     
   36.150073565473271     
   36.184404119666503     
   36.218734673859736     
   36.253065228052968     
   36.287395782246200     
   36.321726336439433     
   36.356056890632665     
   36.390387444825897     
   36.424717999019130     
   36.459048553212362     
   36.493379107405595     
   36.527709661598827     
   36.562040215792059     
   36.596370769985292     
   36.630701324178524     
   36.665031878371749     
   36.699362432564982     
   36.733692986758214     
   36.768023540951447     
   36.802354095144679     
   36.836684649337911     
   36.871015203531144     
   36.905345757724376     
   36.939676311917609     
   36.974006866110841     
   37.008337420304073     
   37.042667974497306     
   37.076998528690538     
   37.111329082883771     
   37.145659637077003     
   37.179990191270235     
   37.214320745463468     
   37.248651299656693     
   37.282981853849925     
   37.317312408043158     
   37.351642962236390     
   37.385973516429623     
   37.420304070622855     
   37.454634624816087     
   37.488965179009320     
   37.523295733202552     
   37.557626287395784     
   37.591956841589017     
   37.626287395782249     
   37.660617949975482     
   37.694948504168714     
   37.729279058361946     
   37.763609612555179     
   37.797940166748411     
   37.832270720941644     
   37.866601275134869     
   37.900931829328101     
   37.935262383521334     
   37.969592937714566     
   38.003923491907798     
   38.038254046101031     
   38.072584600294263     
   38.106915154487496     
   38.141245708680728     
   38.175576262873960     
   38.209906817067193     
   38.244237371260425     
   38.278567925453657     
   38.312898479646890     
   38.347229033840122     
   38.381559588033355     
   38.415890142226587     
   38.450220696419812     
   38.484551250613045     
   38.518881804806277     
   38.553212358999509     
   38.587542913192742     
   38.621873467385974     
   38.656204021579207     
   38.690534575772439     
   38.724865129965671     
   38.759195684158904     
   38.793526238352136     
   38.827856792545369     
   38.862187346738601     
   38.896517900931833     
   38.930848455125066     
   38.965179009318298     
   38.999509563511531     
   39.033840117704756     
   39.068170671897988     
   39.102501226091221     
   39.136831780284453     
   39.171162334477685     
   39.205492888670918     
   39.239823442864150     
   39.274153997057383     
   39.308484551250615     
   39.342815105443847     
   39.377145659637080     
   39.411476213830312     
   39.445806768023544     
   39.480137322216777     
   39.514467876410009     
   39.548798430603242     
   39.583128984796474     
   39.617459538989706     
   39.651790093182932     
   39.686120647376164     
   39.720451201569396     
   39.754781755762629     
   39.789112309955861     
   39.823442864149094     
   39.857773418342326     
   39.892103972535558     
   39.926434526728791     
   39.960765080922023     
   39.995095635115256     
   40.029426189308488     
   40.063756743501720     
   40.098087297694953     
   40.132417851888185     
   40.166748406081417     
   40.201078960274650     
   40.235409514467875     
   40.269740068661108     
   40.304070622854340     
   40.338401177047572     
   40.372731731240805     
   40.407062285434037     
   40.441392839627269     
   40.475723393820502     
   40.510053948013734     
   40.544384502206967     
   40.578715056400199     
   40.613045610593431     
   40.647376164786664     
   40.681706718979896     
   40.716037273173129     
   40.750367827366361     
   40.784698381559593     
   40.819028935752819     
   40.853359489946051     
   40.887690044139283     
   40.922020598332516     
   40.956351152525748     
   40.990681706718981     
   41.025012260912213     
   41.059342815105445     
   41.093673369298678     
   41.128003923491910     
   41.162334477685143     
   41.196665031878375     
   41.230995586071607     
   41.265326140264840     
   41.299656694458072     
   41.333987248651304     
   41.368317802844537     
   41.402648357037769     
   41.436978911230995     
   41.471309465424227     
   41.505640019617459     
   41.539970573810692     
   41.574301128003924     
   41.608631682197156     
   41.642962236390389     
   41.677292790583621     
   41.711623344776854     
   41.745953898970086     
   41.780284453163318     
   41.814615007356551     
   41.848945561549783     
   41.883276115743016     
   41.917606669936248     
   41.951937224129480     
   41.986267778322713     
   42.020598332515938     
   42.054928886709170     
   42.089259440902403     
   42.123589995095635     
   42.157920549288868     
   42.192251103482100     
   42.226581657675332     
   42.260912211868565     
   42.295242766061797     
   42.329573320255030     
   42.363903874448262     
   42.398234428641494     
   42.432564982834727     
   42.466895537027959     
   42.501226091221191     
   42.535556645414424     
   42.569887199607656     
   42.604217753800881     
   42.638548307994114     
   42.672878862187346     
   42.707209416380579     
   42.741539970573811     
   42.775870524767043     
   42.810201078960276     
   42.844531633153508     
   42.878862187346741     
   42.913192741539973     
   42.947523295733205     
   42.981853849926438     
   43.016184404119670     
   43.050514958312903     
   43.084845512506135     
   43.119176066699367     
   43.153506620892600     
   43.187837175085832     
   43.222167729279057     
   43.256498283472290     
   43.290828837665522     
   43.325159391858755     
   43.359489946051987     
   43.393820500245219     
   43.428151054438452     
   43.462481608631684     
   43.496812162824916     
   43.531142717018149     
   43.565473271211381     
   43.599803825404614     
   43.634134379597846     
   43.668464933791078     
   43.702795487984311     
   43.737126042177543     
   43.771456596370776     
   43.805787150564001     
   43.840117704757233     
   43.874448258950466     
   43.908778813143698     
   43.943109367336930     
   43.977439921530163     
   44.011770475723395     
   44.046101029916628     
   44.080431584109860     
   44.114762138303092     
   44.149092692496325     
   44.183423246689557     
   44.217753800882790     
   44.252084355076022     
   44.286414909269254     
   44.320745463462487     
   44.355076017655719     
   44.389406571848951     
   44.423737126042177     
   44.458067680235409     
   44.492398234428642     
   44.526728788621874     
   44.561059342815106     
   44.595389897008339     
   44.629720451201571     
   44.664051005394803     
   44.698381559588036     
   44.732712113781268     
   44.767042667974501     
   44.801373222167733     
   44.835703776360965     
   44.870034330554198     
   44.904364884747430     
   44.938695438940663     
   44.973025993133895     
   45.007356547327120     
   45.041687101520353     
   45.076017655713585     
   45.110348209906817     
   45.144678764100050     
   45.179009318293282     
   45.213339872486515     
   45.247670426679747     
   45.282000980872979     
   45.316331535066212     
   45.350662089259444     
   45.384992643452676     
   45.419323197645909     
   45.453653751839141     
   45.487984306032374     
   45.522314860225606     
   45.556645414418838     
   45.590975968612064     
   45.625306522805296     
   45.659637076998528     
   45.693967631191761     
   45.728298185384993     
   45.762628739578226     
   45.796959293771458     
   45.831289847964690     
   45.865620402157923     
   45.899950956351155     
   45.934281510544388     
   45.968612064737620     
   46.002942618930852     
   46.037273173124085     
   46.071603727317317     
   46.105934281510550     
   46.140264835703782     
   46.174595389897014     
   46.208925944090240     
   46.243256498283472     
   46.277587052476704     
   46.311917606669937     
   46.346248160863169     
   46.380578715056402     
   46.414909269249634     
   46.449239823442866     
   46.483570377636099     
   46.517900931829331     
   46.552231486022563     
   46.586562040215796     
   46.620892594409028     
   46.655223148602261     
   46.689553702795493     
   46.723884256988725     
   46.758214811181958     
   46.792545365375183     
   46.826875919568415     
   46.861206473761648     
   46.895537027954880     
   46.929867582148113     
   46.964198136341345     
   46.998528690534577     
   47.032859244727810     
   47.067189798921042     
   47.101520353114275     
   47.135850907307507     
   47.170181461500739     
   47.204512015693972     
   47.238842569887204     
   47.273173124080436     
   47.307503678273669     
   47.341834232466901     
   47.376164786660127     
   47.410495340853359     
   47.444825895046591     
   47.479156449239824     
   47.513487003433056     
   47.547817557626288     
   47.582148111819521     
   47.616478666012753     
   47.650809220205986     
   47.685139774399218     
   47.719470328592450     
   47.753800882785683     
   47.788131436978915     
   47.822461991172148     
   47.856792545365380     
   47.891123099558612     
   47.925453653751845     
   47.959784207945077     
   47.994114762138302     
   48.028445316331535     
   48.062775870524767     
   48.097106424718000     
   48.131436978911232     
   48.165767533104464     
   48.200098087297697     
   48.234428641490929     
   48.268759195684162     
   48.303089749877394     
   48.337420304070626     
   48.371750858263859     
   48.406081412457091     
   48.440411966650323     
   48.474742520843556     
   48.509073075036788     
   48.543403629230021     
   48.577734183423246     
   48.612064737616478     
   48.646395291809711     
   48.680725846002943     
   48.715056400196175     
   48.749386954389408     
   48.783717508582640     
   48.818048062775873     
   48.852378616969105     
   48.886709171162337     
   48.921039725355570     
   48.955370279548802     
   48.989700833742035     
   49.024031387935267     
   49.058361942128499     
   49.092692496321732     
   49.127023050514964     
   49.161353604708189     
   49.195684158901422     
   49.230014713094654     
   49.264345267287887     
   49.298675821481119     
   49.333006375674351     
   49.367336929867584     
   49.401667484060816     
   49.435998038254048     
   49.470328592447281     
   49.504659146640513     
   49.538989700833746     
   49.573320255026978     
   49.607650809220210     
   49.641981363413443     
   49.676311917606675     
   49.710642471799908     
   49.744973025993140     
   49.779303580186365     
   49.813634134379598     
   49.847964688572830     
   49.882295242766062     
   49.916625796959295     
   49.950956351152527     
   49.985286905345760     
   50.019617459538992     
   50.053948013732224     
   50.088278567925457     
   50.122609122118689     
   50.156939676311922     
   50.191270230505154     
   50.225600784698386     
   50.259931338891619     
   50.294261893084851     
   50.328592447278083     
   50.362923001471309     
   50.397253555664541     
   50.431584109857774     
   50.465914664051006     
   50.500245218244238     
   50.534575772437471     
   50.568906326630703     
   50.603236880823935     
   50.637567435017168     
   50.671897989210400     
   50.706228543403633     
   50.740559097596865     
   50.774889651790097     
   50.809220205983330     
   50.843550760176562     
   50.877881314369795     
   50.912211868563027     
   50.946542422756252     
   50.980872976949485     
   51.015203531142717     
   51.049534085335949     
   51.083864639529182     
   51.118195193722414     
   51.152525747915647     
   51.186856302108879     
   51.221186856302111     
   51.255517410495344     
   51.289847964688576     
   51.324178518881808     
   51.358509073075041     
   51.392839627268273     
   51.427170181461506     
   51.461500735654738     
   51.495831289847970     
   51.530161844041203     
   51.564492398234428     
   51.598822952427660     
   51.633153506620893     
   51.667484060814125     
   51.701814615007358     
   51.736145169200590     
   51.770475723393822     
   51.804806277587055     
   51.839136831780287     
   51.873467385973520     
   51.907797940166752     
   51.942128494359984     
   51.976459048553217     
   52.010789602746449     
   52.045120156939682     
   52.079450711132914     
   52.113781265326146     
   52.148111819519372     
   52.182442373712604     
   52.216772927905836     
   52.251103482099069     
   52.285434036292301     
   52.319764590485534     
   52.354095144678766     
   52.388425698871998     
   52.422756253065231     
   52.457086807258463     
   52.491417361451695     
   52.525747915644928     
   52.560078469838160     
   52.594409024031393     
   52.628739578224625     
   52.663070132417857     
   52.697400686611090     
   52.731731240804322     
   52.766061794997547     
   52.800392349190780     
   52.834722903384012     
   52.869053457577245     
   52.903384011770477     
   52.937714565963709     
   52.972045120156942     
   53.006375674350174     
   53.040706228543407     
   53.075036782736639     
   53.109367336929871     
   53.143697891123104     
   53.178028445316336     
   53.212358999509568     
   53.246689553702801     
   53.281020107896033     
   53.315350662089266     
   53.349681216282491     
   53.384011770475723     
   53.418342324668956     
   53.452672878862188     
   53.487003433055420     
   53.521333987248653     
   53.555664541441885     
   53.589995095635118     
   53.624325649828350     
   53.658656204021582     
   53.692986758214815     
   53.727317312408047     
   53.761647866601280     
   53.795978420794512     
   53.830308974987744     
   53.864639529180977     
   53.898970083374209     
   53.933300637567434     
   53.967631191760667     
   54.001961745953899     
   54.036292300147132     
   54.070622854340364     
   54.104953408533596     
   54.139283962726829     
   54.173614516920061     
   54.207945071113294     
   54.242275625306526     
   54.276606179499758     
   54.310936733692991     
   54.345267287886223     
   54.379597842079455     
   54.413928396272688     
   54.448258950465920     
   54.482589504659153     
   54.516920058852385     
   54.551250613045610     
   54.585581167238843     
   54.619911721432075     
   54.654242275625307     
   54.688572829818540     
   54.722903384011772     
   54.757233938205005     
   54.791564492398237     
   54.825895046591469     
   54.860225600784702     
   54.894556154977934     
   54.928886709171167     
   54.963217263364399     
   54.997547817557631     
   55.031878371750864     
   55.066208925944096     
   55.100539480137328     
   55.134870034330554     
   55.169200588523786     
   55.203531142717019     
   55.237861696910251     
   55.272192251103483     
   55.306522805296716     
   55.340853359489948     
   55.375183913683180     
   55.409514467876413     
   55.443845022069645     
   55.478175576262878     
   55.512506130456110     
   55.546836684649342     
   55.581167238842575     
   55.615497793035807     
   55.649828347229040     
   55.684158901422272     
   55.718489455615497     
   55.752820009808730     
   55.787150564001962     
   55.821481118195194     
   55.855811672388427     
   55.890142226581659     
   55.924472780774892     
   55.958803334968124     
   55.993133889161356     
   56.027464443354589     
   56.061794997547821     
   56.096125551741054     
   56.130456105934286     
   56.164786660127518     
   56.199117214320751     
   56.233447768513983     
   56.267778322707215     
   56.302108876900448     
   56.336439431093673     
   56.370769985286906     
   56.405100539480138     
   56.439431093673370     
   56.473761647866603     
   56.508092202059835     
   56.542422756253067     
   56.576753310446300     
   56.611083864639532     
   56.645414418832765     
   56.679744973025997     
   56.714075527219229     
   56.748406081412462     
   56.782736635605694     
   56.817067189798927     
   56.851397743992159     
   56.885728298185391     
   56.920058852378617     
   56.954389406571849     
   56.988719960765081     
   57.023050514958314     
   57.057381069151546     
   57.091711623344779     
   57.126042177538011     
   57.160372731731243     
   57.194703285924476     
   57.229033840117708     
   57.263364394310940     
   57.297694948504173     
   57.332025502697405     
   57.366356056890638     
   57.400686611083870     
   57.435017165277102     
   57.469347719470335     
   57.503678273663560     
   57.538008827856792     
   57.572339382050025     
   57.606669936243257     
   57.641000490436490     
   57.675331044629722     
   57.709661598822954     
   57.743992153016187     
   57.778322707209419     
   57.812653261402652     
   57.846983815595884     
   57.881314369789116     
   57.915644923982349     
   57.949975478175581     
   57.984306032368814     
   58.018636586562046     
   58.052967140755278     
   58.087297694948511     
   58.121628249141736     
   58.155958803334968     
   58.190289357528201     
   58.224619911721433     
   58.258950465914666     
   58.293281020107898     
   58.327611574301130     
   58.361942128494363     
   58.396272682687595     
   58.430603236880827     
   58.464933791074060     
   58.499264345267292     
   58.533594899460525     
   58.567925453653757     
   58.602256007846989     
   58.636586562040222     
   58.670917116233454     
   58.705247670426679     
   58.739578224619912     
   58.773908778813144     
   58.808239333006377     
   58.842569887199609     
   58.876900441392841     
   58.911230995586074     
   58.945561549779306     
   58.979892103972539     
   59.014222658165771     
   59.048553212359003     
   59.082883766552236     
   59.117214320745468     
   59.151544874938701     
   59.185875429131933     
   59.220205983325165     
   59.254536537518398     
   59.288867091711623     
   59.323197645904855     
   59.357528200098088     
   59.391858754291320     
   59.426189308484552     
   59.460519862677785     
   59.494850416871017     
   59.529180971064250     
   59.563511525257482     
   59.597842079450714     
   59.632172633643947     
   59.666503187837179     
   59.700833742030412     
   59.735164296223644     
   59.769494850416876     
   59.803825404610109     
   59.838155958803341     
   59.872486512996574     
   59.906817067189799     
   59.941147621383031     
   59.975478175576264     
   60.009808729769496     
   60.044139283962728     
   60.078469838155961     
   60.112800392349193     
   60.147130946542426     
   60.181461500735658     
   60.215792054928890     
   60.250122609122123     
   60.284453163315355     
   60.318783717508587     
   60.353114271701820     
   60.387444825895052     
   60.421775380088285     
   60.456105934281517     
   60.490436488474742     
   60.524767042667975     
   60.559097596861207     
   60.593428151054439     
   60.627758705247672     
   60.662089259440904     
   60.696419813634137     
   60.730750367827369     
   60.765080922020601     
   60.799411476213834     
   60.833742030407066     
   60.868072584600299     
   60.902403138793531     
   60.936733692986763     
   60.971064247179996     
   61.005394801373228     
   61.039725355566461     
   61.074055909759686     
   61.108386463952918     
   61.142717018146151     
   61.177047572339383     
   61.211378126532615     
   61.245708680725848     
   61.280039234919080     
   61.314369789112313     
   61.348700343305545     
   61.383030897498777     
   61.417361451692010     
   61.451692005885242     
   61.486022560078474     
   61.520353114271707     
   61.554683668464939     
   61.589014222658172     
   61.623344776851404     
   61.657675331044636     
   61.692005885237862     
   61.726336439431094     
   61.760666993624326     
   61.794997547817559     
   61.829328102010791     
   61.863658656204024     
   61.897989210397256     
   61.932319764590488     
   61.966650318783721     
   62.000980872976953     
   62.035311427170186     
   62.069641981363418     
   62.103972535556650     
   62.138303089749883     
   62.172633643943115     
   62.206964198136347     
   62.241294752329580     
   62.275625306522805     
   62.309955860716038     
   62.344286414909270     
   62.378616969102502     
   62.412947523295735     
   62.447278077488967     
   62.481608631682199     
   62.515939185875432     
   62.550269740068664     
   62.584600294261897     
   62.618930848455129     
   62.653261402648361     
   62.687591956841594     
   62.721922511034826     
   62.756253065228059     
   62.790583619421291     
   62.824914173614523     
   62.859244727807756     
   62.893575282000981     
   62.927905836194213     
   62.962236390387446     
   62.996566944580678     
   63.030897498773911     
   63.065228052967143     
   63.099558607160375     
   63.133889161353608     
   63.168219715546840     
   63.202550269740073     
   63.236880823933305     
   63.271211378126537     
   63.305541932319770     
   63.339872486513002     
   63.374203040706234     
   63.408533594899467     
   63.442864149092699     
   63.477194703285925     
   63.511525257479157     
   63.545855811672389     
   63.580186365865622     
   63.614516920058854     
   63.648847474252086     
   63.683178028445319     
   63.717508582638551     
   63.751839136831784     
   63.786169691025016     
   63.820500245218248     
   63.854830799411481     
   63.889161353604713     
   63.923491907797946     
   63.957822461991178     
   63.992153016184410     
   64.026483570377636     
   64.060814124570868     
   64.095144678764100     
   64.129475232957333     
   64.163805787150565     
   64.198136341343798     
   64.232466895537030     
   64.266797449730262     
   64.301128003923495     
   64.335458558116727     
   64.369789112309959     
   64.404119666503192     
   64.438450220696424     
   64.472780774889657     
   64.507111329082889     
   64.541441883276121     
   64.575772437469354     
   64.610102991662586     
   64.644433545855819     
   64.678764100049051     
   64.713094654242283     
   64.747425208435516     
   64.781755762628748     
   64.816086316821981     
   64.850416871015213     
   64.884747425208445     
   64.919077979401678     
   64.953408533594896     
   64.987739087788128     
   65.022069641981361     
   65.056400196174593     
   65.090730750367825     
   65.125061304561058     
   65.159391858754290     
   65.193722412947523     
   65.228052967140755     
   65.262383521333987     
   65.296714075527220     
   65.331044629720452     
   65.365375183913685     
   65.399705738106917     
   65.434036292300149     
   65.468366846493382     
   65.502697400686614     
   65.537027954879846     
   65.571358509073079     
   65.605689063266311     
   65.640019617459544     
   65.674350171652776     
   65.708680725846008     
   65.743011280039241     
   65.777341834232473     
   65.811672388425706     
   65.846002942618938     
   65.880333496812170     
   65.914664051005403     
   65.948994605198635     
   65.983325159391867     
   66.017655713585100     
   66.051986267778332     
   66.086316821971565     
   66.120647376164797     
   66.154977930358015     
   66.189308484551248     
   66.223639038744480     
   66.257969592937712     
   66.292300147130945     
   66.326630701324177     
   66.360961255517410     
   66.395291809710642     
   66.429622363903874     
   66.463952918097107     
   66.498283472290339     
   66.532614026483571     
   66.566944580676804     
   66.601275134870036     
   66.635605689063269     
   66.669936243256501     
   66.704266797449733     
   66.738597351642966     
   66.772927905836198     
   66.807258460029431     
   66.841589014222663     
   66.875919568415895     
   66.910250122609128     
   66.944580676802360     
   66.978911230995593     
   67.013241785188825     
   67.047572339382057     
   67.081902893575290     
   67.116233447768522     
   67.150564001961754     
   67.184894556154987     
   67.219225110348219     
   67.253555664541452     
   67.287886218734684     
   67.322216772927916     
   67.356547327121135     
   67.390877881314367     
   67.425208435507599     
   67.459538989700832     
   67.493869543894064     
   67.528200098087297     
   67.562530652280529     
   67.596861206473761     
   67.631191760666994     
   67.665522314860226     
   67.699852869053458     
   67.734183423246691     
   67.768513977439923     
   67.802844531633156     
   67.837175085826388     
   67.871505640019620     
   67.905836194212853     
   67.940166748406085     
   67.974497302599318     
   68.008827856792550     
   68.043158410985782     
   68.077488965179015     
   68.111819519372247     
   68.146150073565479     
   68.180480627758712     
   68.214811181951944     
   68.249141736145177     
   68.283472290338409     
   68.317802844531641     
   68.352133398724874     
   68.386463952918106     
   68.420794507111339     
   68.455125061304571     
   68.489455615497803     
   68.523786169691022     
   68.558116723884254     
   68.592447278077486     
   68.626777832270719     
   68.661108386463951     
   68.695438940657183     
   68.729769494850416     
   68.764100049043648     
   68.798430603236881     
   68.832761157430113     
   68.867091711623345     
   68.901422265816578     
   68.935752820009810     
   68.970083374203043     
   69.004413928396275     
   69.038744482589507     
   69.073075036782740     
   69.107405590975972     
   69.141736145169205     
   69.176066699362437     
   69.210397253555669     
   69.244727807748902     
   69.279058361942134     
   69.313388916135366     
   69.347719470328599     
   69.382050024521831     
   69.416380578715064     
   69.450711132908296     
   69.485041687101528     
   69.519372241294761     
   69.553702795487993     
   69.588033349681226     
   69.622363903874458     
   69.656694458067690     
   69.691025012260923     
   69.725355566454141     
   69.759686120647373     
   69.794016674840606     
   69.828347229033838     
   69.862677783227070     
   69.897008337420303     
   69.931338891613535     
   69.965669445806768     
   70.000000000000000     
   70.034330554193232     
   70.068661108386465     
   70.102991662579697     
   70.137322216772930     
