  -8.4077357447552865E-003
  -5.6037242672835929E-003
  -2.8014323176322013E-003
   0.0000000000000000     
   2.8014323176322013E-003
   5.6037242672835929E-003
   8.4077357447552865E-003
   1.1214327173493193E-002
   1.4024359768612790E-002
   1.6838695801166818E-002
   1.9658198862737029E-002
   2.2483734130431102E-002
   2.5316168632366114E-002
   2.8156371513719969E-002
   3.1005214303432515E-002
   3.3863571181638040E-002
   3.6732319247911420E-002
   3.9612338790409950E-002
   4.2504513555993807E-002
   4.5409731021407627E-002
   4.8328882665606726E-002
   5.1262864243311473E-002
   5.4212576059873542E-002
   5.7178923247538621E-002
   6.0162816043190383E-002
   6.3165170067660634E-002
   6.6186906606691728E-002
   6.9228952893637216E-002
   7.2292242393987391E-002
   7.5377715091807587E-002
   7.8486317778176315E-002
   8.1619004341712362E-002
   8.4776736061279792E-002
   8.7960481900960730E-002
   9.1171218807386156E-002
   9.4409932009516515E-002
   9.7677615320963487E-002
  0.10097527144494624     
  0.10430391228197523     
  0.10766455924035871     
  0.11105824354962601     
  0.11448600657696527     
  0.11794890014677141     
  0.12144798686340329     
  0.12498434043724849     
  0.12855904601419613     
  0.13217320050861889     
  0.13582791293996579     
  0.13952430477307023     
  0.14326351026227591     
  0.14704667679948832     
  0.15087496526625679     
  0.15474955038999633     
  0.15867162110445787     
  0.16264238091455793     
  0.16666304826567963     
  0.17073485691755777     
  0.17485905632286389     
  0.17903691201060604     
  0.18326970597446235     
  0.18755873706616630     
  0.19190532139406516     
  0.19631079272697394     
  0.20077650290344806     
  0.20530382224660113     
  0.20989413998459464     
  0.21454886467692921     
  0.21926942464666677     
  0.22405726841871831     
  0.22891386516433010     
  0.23384070515190533     
  0.23883930020429986     
  0.24391118416273161     
  0.24905791335744665     
  0.25428106708528603     
  0.25958224809430025     
  0.26496308307555966     
  0.27042522316231143     
  0.27597034443663787     
  0.28160014844376896     
  0.28731636271420974     
  0.29312074129384030     
  0.29901506528215321     
  0.30500114337879081     
  0.31108081243855384     
  0.31725593803504798     
  0.32352841503314361     
  0.32990016817042334     
  0.33637315264779666     
  0.34294935472946197     
  0.34963079235240030     
  0.35641951574558872     
  0.36331760805912222     
  0.37032718600343723     
  0.37745040049883416     
  0.38468943733549649     
  0.39204651784421052     
  0.39952389957799062     
  0.40712387700481928     
  0.41484878221171501     
  0.42270098562034364     
  0.43068289671439280     
  0.43879696477893287     
  0.44704567965199055     
  0.45543157248856730     
  0.46395721653733529     
  0.47262522793025052     
  0.48143826648532451     
  0.49039903652280098     
  0.49951028769498901     
  0.50877481583000572     
  0.51819546378968961     
  0.52777512234194368     
  0.53751673104778230     
  0.54742327916334732     
  0.55749780655717551     
  0.56774340464299500     
  0.57816321732834031     
  0.58876044197927380     
  0.59953833040151172     
  0.61050018983825571     
  0.62164938398503466     
  0.63298933402187030     
  0.64452351966308086     
  0.65625548022504765     
  0.66818881571226940     
  0.68032718792204039     
  0.69267432156808884     
  0.70523400542352210     
  0.71801009348342903     
  0.73100650614749485     
  0.74422723142299319     
  0.75767632614852543     
  0.77135791723887781     
  0.78527620295138512     
  0.79943545417418360     
  0.81384001573675302     
  0.82849430774314647     
  0.84340282692831903     
  0.85857014803797138     
  0.87400092523233031     
  0.88969989351429912     
  0.90567187018241435     
  0.92192175630905437     
  0.93845453824435765     
  0.95527528914630377     
  0.97238917053743668     
  0.98980143388869990     
   1.0075174222308740     
   1.0255425717941102     
   1.0438824136760603     
   1.0625425755391205     
   1.0815287833373035     
   1.1008468630732737     
   1.1205027425860818     
   1.1405024533701487     
   1.1608521324260568     
   1.1815580241437156     
   1.2026264822184811     
   1.2240639716008148     
   1.2458770704800846     
   1.2680724723031083     
   1.2906569878280707     
   1.3136375472144339     
   1.3370212021494876     
   1.3608151280121916     
   1.3850266260749713     
   1.4096631257441470     
   1.4347321868396812     
   1.4602415019149408     
   1.4861988986171932     
   1.5126123420895554     
   1.5394899374151312     
   1.5668399321040949     
   1.5946707186244737     
   1.6229908369774184     
   1.6518089773177358     
   1.6811339826205047     
   1.7109748513945815     
   1.7413407404438335     
   1.7722409676769437     
   1.8036850149666535     
   1.8356825310593179     
   1.8682433345356662     
   1.9013774168236770     
   1.9350949452644925     
   1.9694062662323135     
   2.0043219083092292     
   2.0398525855159613     
   2.0760092005995072     
   2.1128028483786987     
   2.1502448191486936     
   2.1883466021454567     
   2.2271198890712816     
   2.2665765776824403     
   2.3067287754263628     
   2.3475888026359244     
   2.3891691873802956     
   2.4314825784334988     
   2.4745411415524532     
   2.5183537808365126     
   2.5629173651869355     
   2.6081983153499673     
   2.6541101713232815     
   2.7005082498256261     
   2.7472198239208994     
   2.7940945902690184     
   2.8410362764511334     
   2.8879991911089946     
   2.9349672258205977     
   2.9819361789130370     
   3.0289052504487319     
   3.0758743323555304     
   3.1228434148141289     
   3.1698124972861916     
   3.2167815797582548     
   3.2637506622303167     
   3.3107197447023800     
   3.3576888271744427     
   3.4046579096465059     
   3.4516269921185678     
   3.4985960745906310     
   3.5455651570626938     
   3.5925342395347570     
   3.6395033220068189     
   3.6864724044788821     
   3.7334414869509449     
   3.7804105694230081     
   3.8273796518950700     
   3.8743487343671332     
   3.9213178168391960     
   3.9682868993112592     
   4.0152559817833211     
   4.0622250642553839     
   4.1091941467274467     
   4.1561632291995094     
   4.2031323116715722     
   4.2501013941436350     
   4.2970704766156977     
   4.3440395590877605     
   4.3910086415598233     
   4.4379777240318861     
   4.4849468065039488     
   4.5319158889760116     
   4.5788849714480744     
   4.6258540539201372     
   4.6728231363921999     
   4.7197922188642627     
   4.7667613013363255     
   4.8137303838083882     
   4.8606994662804510     
   4.9076685487525138     
   4.9546376312245766     
   5.0016067136966393     
   5.0485757961687021     
   5.0955448786407649     
   5.1425139611128277     
   5.1894830435848904     
   5.2364521260569532     
   5.2834212085290160     
   5.3303902910010788     
   5.3773593734731406     
   5.4243284559452043     
   5.4712975384172671     
   5.5182666208893307     
   5.5652357033613926     
   5.6122047858334554     
   5.6591738683055182     
   5.7061429507775818     
   5.7531120332496428     
   5.8000811157217065     
   5.8470501981937693     
   5.8940192806658329     
   5.9409883631378948     
   5.9879574456099576     
   6.0349265280820203     
   6.0818956105540840     
   6.1288646930261450     
   6.1758337754982087     
   6.2228028579702714     
   6.2697719404423351     
   6.3167410229143970     
   6.3637101053864598     
   6.4106791878585234     
   6.4576482703305844     
   6.5046173528026472     
   6.5515864352747109     
   6.5985555177467736     
   6.6455246002188373     
   6.6924936826908992     
   6.7394627651629619     
   6.7864318476350247     
   6.8334009301070866     
   6.8803700125791494     
   6.9273390950512130     
   6.9743081775232758     
   7.0212772599953395     
   7.0682463424674014     
   7.1152154249394641     
   7.1621845074115278     
   7.2091535898835888     
   7.2561226723556516     
   7.3030917548277152     
   7.3500608372997780     
   7.3970299197718417     
   7.4439990022439035     
   7.4909680847159663     
   7.5379371671880291     
   7.5849062496600910     
   7.6318753321321537     
   7.6788444146042174     
   7.7258134970762802     
   7.7727825795483438     
   7.8197516620204057     
   7.8667207444924685     
   7.9136898269645322     
   7.9606589094365932     
   8.0076279919086559     
   8.0545970743807196     
   8.1015661568527833     
   8.1485352393248469     
   8.1955043217969106     
   8.2424734042689742     
   8.2894424867410379     
   8.3364115692131016     
   8.3833806516851652     
   8.4303497341572289     
   8.4773188166292925     
   8.5242878991013562     
   8.5712569815734199     
   8.6182260640454835     
   8.6651951465175472     
   8.7121642289896108     
   8.7591333114616745     
   8.8061023939337382     
   8.8530714764058018     
   8.9000405588778655     
   8.9470096413499292     
   8.9939787238219928     
   9.0409478062940565     
   9.0879168887661201     
   9.1348859712381838     
   9.1818550537102475     
   9.2288241361823111     
   9.2757932186543748     
   9.3227623011264384     
   9.3697313835985021     
   9.4167004660705658     
   9.4636695485426294     
   9.5106386310146931     
   9.5576077134867568     
   9.6045767959588204     
   9.6515458784308841     
   9.6985149609029477     
   9.7454840433750114     
   9.7924531258470751     
   9.8394222083191387     
   9.8863912907912024     
   9.9333603732632660     
   9.9803294557353297     
   10.027298538207393     
   10.074267620679457     
   10.121236703151521     
   10.168205785623584     
   10.215174868095648     
   10.262143950567712     
   10.309113033039775     
   10.356082115511839     
   10.403051197983903     
   10.450020280455966     
   10.496989362928030     
   10.543958445400094     
   10.590927527872157     
   10.637896610344219     
   10.684865692816283     
   10.731834775288348     
   10.778803857760414     
   10.825772940232476     
   10.872742022704537     
   10.919711105176603     
   10.966680187648668     
   11.013649270120730     
   11.060618352592792     
   11.107587435064858     
   11.154556517536923     
   11.201525600008985     
   11.248494682481047     
   11.295463764953112     
   11.342432847425178     
   11.389401929897240     
   11.436371012369301     
   11.483340094841367     
   11.530309177313432     
   11.577278259785494     
   11.624247342257556     
   11.671216424729622     
   11.718185507201687     
   11.765154589673749     
   11.812123672145811     
   11.859092754617876     
   11.906061837089942     
   11.953030919562003     
   12.000000002034065     
   12.046969084506131     
   12.093938166978196     
   12.140907249450258     
