  -7.5581395348837205E-002
  -5.0387596899224806E-002
  -2.5193798449612403E-002
   0.0000000000000000     
   2.5193798449612403E-002
   5.0387596899224806E-002
   7.5581395348837205E-002
  0.10077519379844961     
  0.12596899224806202     
  0.15116279069767441     
  0.17635658914728683     
  0.20155038759689922     
  0.22674418604651161     
  0.25193798449612403     
  0.27713178294573643     
  0.30232558139534882     
  0.32751937984496121     
  0.35271317829457366     
  0.37790697674418605     
  0.40310077519379844     
  0.42829457364341084     
  0.45348837209302323     
  0.47868217054263568     
  0.50387596899224807     
  0.52906976744186041     
  0.55426356589147285     
  0.57945736434108530     
  0.60465116279069764     
  0.62984496124031009     
  0.65503875968992242     
  0.68023255813953487     
  0.70542635658914732     
  0.73062015503875966     
  0.75581395348837210     
  0.78100775193798444     
  0.80620155038759689     
  0.83139534883720934     
  0.85658914728682167     
  0.88178294573643412     
  0.90697674418604646     
  0.93217054263565891     
  0.95736434108527135     
  0.98255813953488369     
   1.0077519379844961     
   1.0329457364341086     
   1.0581395348837208     
   1.0833333333333333     
   1.1085271317829457     
   1.1337209302325582     
   1.1589147286821706     
   1.1841085271317828     
   1.2093023255813953     
   1.2344961240310077     
   1.2596899224806202     
   1.2848837209302326     
   1.3100775193798448     
   1.3352713178294573     
   1.3604651162790697     
   1.3856589147286822     
   1.4108527131782946     
   1.4360465116279069     
   1.4612403100775193     
   1.4864341085271318     
   1.5116279069767442     
   1.5368217054263567     
   1.5620155038759689     
   1.5872093023255813     
   1.6124031007751938     
   1.6375968992248062     
   1.6627906976744187     
   1.6879844961240309     
   1.7131782945736433     
   1.7383720930232558     
   1.7635658914728682     
   1.7887596899224807     
   1.8139534883720929     
   1.8391472868217054     
   1.8643410852713178     
   1.8895348837209303     
   1.9147286821705427     
   1.9399224806201549     
   1.9651162790697674     
   1.9903100775193798     
   2.0155038759689923     
   2.0406976744186047     
   2.0658914728682172     
   2.0910852713178296     
   2.1162790697674416     
   2.1414728682170541     
   2.1666666666666665     
   2.1918604651162790     
   2.2170542635658914     
   2.2422480620155039     
   2.2674418604651163     
   2.2926356589147288     
   2.3178294573643412     
   2.3430232558139537     
   2.3682170542635657     
   2.3934108527131781     
   2.4186046511627906     
   2.4437984496124030     
   2.4689922480620154     
   2.4941860465116279     
   2.5193798449612403     
   2.5445736434108528     
   2.5697674418604652     
   2.5949612403100777     
   2.6201550387596897     
   2.6453488372093021     
   2.6705426356589146     
   2.6957364341085270     
   2.7209302325581395     
   2.7461240310077519     
   2.7713178294573644     
   2.7965116279069768     
   2.8217054263565893     
   2.8468992248062017     
   2.8720930232558137     
   2.8972868217054262     
   2.9224806201550386     
   2.9476744186046511     
   2.9728682170542635     
   2.9980620155038760     
   3.0232558139534884     
   3.0484496124031009     
   3.0736434108527133     
   3.0988372093023258     
   3.1240310077519378     
   3.1492248062015502     
   3.1744186046511627     
   3.1996124031007751     
   3.2248062015503876     
   3.2500000000000000     
   3.2751937984496124     
   3.3003875968992249     
   3.3255813953488373     
   3.3507751937984493     
   3.3759689922480618     
   3.4011627906976742     
   3.4263565891472867     
   3.4515503875968991     
   3.4767441860465116     
   3.5019379844961240     
   3.5271317829457365     
   3.5523255813953489     
   3.5775193798449614     
   3.6027131782945734     
   3.6279069767441858     
   3.6531007751937983     
   3.6782945736434107     
   3.7034883720930232     
   3.7286821705426356     
   3.7538759689922481     
   3.7790697674418605     
   3.8042635658914730     
   3.8294573643410854     
   3.8546511627906974     
   3.8798449612403099     
   3.9050387596899223     
   3.9302325581395348     
   3.9554263565891472     
   3.9806201550387597     
   4.0058139534883717     
   4.0310077519379846     
   4.0562015503875966     
   4.0813953488372094     
   4.1065891472868215     
   4.1317829457364343     
   4.1569767441860463     
   4.1821705426356592     
   4.2073643410852712     
   4.2325581395348832     
   4.2577519379844961     
   4.2829457364341081     
   4.3081395348837210     
   4.3333333333333330     
   4.3585271317829459     
   4.3837209302325579     
   4.4089147286821708     
   4.4341085271317828     
   4.4593023255813957     
   4.4844961240310077     
   4.5096899224806197     
   4.5348837209302326     
   4.5600775193798446     
   4.5852713178294575     
   4.6104651162790695     
   4.6356589147286824     
   4.6608527131782944     
   4.6860465116279073     
   4.7112403100775193     
   4.7364341085271313     
   4.7616279069767442     
   4.7868217054263562     
   4.8120155038759691     
   4.8372093023255811     
   4.8624031007751940     
   4.8875968992248060     
   4.9127906976744189     
   4.9379844961240309     
   4.9631782945736429     
   4.9883720930232558     
   5.0135658914728678     
   5.0387596899224807     
   5.0639534883720927     
   5.0891472868217056     
   5.1143410852713176     
   5.1395348837209305     
   5.1647286821705425     
   5.1899224806201554     
   5.2151162790697674     
   5.2403100775193794     
   5.2655038759689923     
   5.2906976744186043     
   5.3158914728682172     
   5.3410852713178292     
   5.3662790697674421     
   5.3914728682170541     
   5.4166666666666670     
   5.4418604651162790     
   5.4670542635658910     
   5.4922480620155039     
   5.5174418604651159     
   5.5426356589147288     
   5.5678294573643408     
   5.5930232558139537     
   5.6182170542635657     
   5.6434108527131785     
   5.6686046511627906     
   5.6937984496124034     
   5.7189922480620154     
   5.7441860465116275     
   5.7693798449612403     
   5.7945736434108523     
   5.8197674418604652     
   5.8449612403100772     
   5.8701550387596901     
   5.8953488372093021     
   5.9205426356589150     
   5.9457364341085270     
   5.9709302325581390     
   5.9961240310077519     
   6.0213178294573639     
   6.0465116279069768     
   6.0717054263565888     
   6.0968992248062017     
   6.1220930232558137     
   6.1472868217054266     
   6.1724806201550386     
   6.1976744186046515     
   6.2228682170542635     
   6.2480620155038755     
   6.2732558139534884     
   6.2984496124031004     
   6.3236434108527133     
   6.3488372093023253     
   6.3740310077519382     
   6.3992248062015502     
   6.4244186046511631     
   6.4496124031007751     
   6.4748062015503871     
   6.5000000000000000     
   6.5251937984496120     
   6.5503875968992249     
