 -0.10004764173415912     
  -6.6698427822772743E-002
  -3.3349213911386372E-002
   0.0000000000000000     
   3.3349213911386372E-002
   6.6698427822772743E-002
  0.10004764173415912     
  0.13339685564554549     
  0.16674606955693186     
  0.20009528346831823     
  0.23344449737970460     
  0.26679371129109097     
  0.30014292520247732     
  0.33349213911386372     
  0.36684135302525012     
  0.40019056693663646     
  0.43353978084802280     
  0.46688899475940920     
  0.50023820867079560     
  0.53358742258218195     
  0.56693663649356829     
  0.60028585040495464     
  0.63363506431634109     
  0.66698427822772743     
  0.70033349213911378     
  0.73368270605050023     
  0.76703191996188658     
  0.80038113387327292     
  0.83373034778465926     
  0.86707956169604561     
  0.90042877560743206     
  0.93377798951881841     
  0.96712720343020475     
   1.0004764173415912     
   1.0338256312529774     
   1.0671748451643639     
   1.1005240590757503     
   1.1338732729871366     
   1.1672224868985230     
   1.2005717008099093     
   1.2339209147212957     
   1.2672701286326822     
   1.3006193425440684     
   1.3339685564554549     
   1.3673177703668413     
   1.4006669842782276     
   1.4340161981896140     
   1.4673654121010005     
   1.5007146260123867     
   1.5340638399237732     
   1.5674130538351594     
   1.6007622677465458     
   1.6341114816579323     
   1.6674606955693185     
   1.7008099094807050     
   1.7341591233920912     
   1.7675083373034777     
   1.8008575512148641     
   1.8342067651262504     
   1.8675559790376368     
   1.9009051929490233     
   1.9342544068604095     
   1.9676036207717960     
   2.0009528346831824     
   2.0343020485945686     
   2.0676512625059549     
   2.1010004764173416     
   2.1343496903287278     
   2.1676989042401140     
   2.2010481181515007     
   2.2343973320628869     
   2.2677465459742732     
   2.3010957598856598     
   2.3344449737970461     
   2.3677941877084323     
   2.4011434016198185     
   2.4344926155312052     
   2.4678418294425915     
   2.5011910433539777     
   2.5345402572653644     
   2.5678894711767506     
   2.6012386850881368     
   2.6345878989995235     
   2.6679371129109097     
   2.7012863268222960     
   2.7346355407336826     
   2.7679847546450689     
   2.8013339685564551     
   2.8346831824678418     
   2.8680323963792280     
   2.9013816102906143     
   2.9347308242020009     
   2.9680800381133872     
   3.0014292520247734     
   3.0347784659361596     
   3.0681276798475463     
   3.1014768937589325     
   3.1348261076703188     
   3.1681753215817055     
   3.2015245354930917     
   3.2348737494044779     
   3.2682229633158646     
   3.3015721772272508     
   3.3349213911386371     
   3.3682706050500237     
   3.4016198189614100     
   3.4349690328727962     
   3.4683182467841824     
   3.5016674606955691     
   3.5350166746069553     
   3.5683658885183416     
   3.6017151024297283     
   3.6350643163411145     
   3.6684135302525007     
   3.7017627441638874     
   3.7351119580752736     
   3.7684611719866599     
   3.8018103858980465     
   3.8351595998094328     
   3.8685088137208190     
   3.9018580276322057     
   3.9352072415435919     
   3.9685564554549781     
   4.0019056693663648     
   4.0352548832777506     
   4.0686040971891373     
   4.1019533111005240     
   4.1353025250119098     
   4.1686517389232964     
   4.2020009528346831     
   4.2353501667460689     
   4.2686993806574556     
   4.3020485945688423     
   4.3353978084802280     
   4.3687470223916147     
   4.4020962363030014     
   4.4354454502143872     
   4.4687946641257739     
   4.5021438780371605     
   4.5354930919485463     
   4.5688423058599330     
   4.6021915197713197     
   4.6355407336827055     
   4.6688899475940921     
   4.7022391615054788     
   4.7355883754168646     
   4.7689375893282513     
   4.8022868032396371     
   4.8356360171510238     
   4.8689852310624104     
   4.9023344449737962     
   4.9356836588851829     
   4.9690328727965696     
   5.0023820867079554     
   5.0357313006193420     
   5.0690805145307287     
   5.1024297284421145     
   5.1357789423535012     
   5.1691281562648879     
   5.2024773701762737     
   5.2358265840876603     
   5.2691757979990470     
   5.3025250119104328     
   5.3358742258218195     
   5.3692234397332061     
   5.4025726536445919     
   5.4359218675559786     
   5.4692710814673653     
   5.5026202953787511     
   5.5359695092901378     
   5.5693187232015244     
   5.6026679371129102     
   5.6360171510242969     
   5.6693663649356836     
   5.7027155788470694     
   5.7360647927584560     
   5.7694140066698427     
   5.8027632205812285     
   5.8361124344926152     
   5.8694616484040019     
   5.9028108623153877     
   5.9361600762267743     
   5.9695092901381601     
   6.0028585040495468     
   6.0362077179609335     
   6.0695569318723193     
   6.1029061457837059     
   6.1362553596950926     
   6.1696045736064784     
   6.2029537875178651     
   6.2363030014292518     
   6.2696522153406375     
   6.3030014292520242     
   6.3363506431634109     
   6.3696998570747967     
   6.4030490709861834     
   6.4363982848975700     
   6.4697474988089558     
   6.5030967127203425     
   6.5364459266317292     
   6.5697951405431150     
   6.6031443544545017     
   6.6364935683658883     
   6.6698427822772741     
   6.7031919961886608     
   6.7365412101000475     
   6.7698904240114333     
   6.8032396379228199     
   6.8365888518342066     
   6.8699380657455924     
   6.9032872796569791     
   6.9366364935683649     
   6.9699857074797515     
   7.0033349213911382     
   7.0366841353025240     
   7.0700333492139107     
   7.1033825631252974     
   7.1367317770366832     
   7.1700809909480698     
   7.2034302048594565     
   7.2367794187708423     
   7.2701286326822290     
   7.3034778465936157     
   7.3368270605050014     
   7.3701762744163881     
   7.4035254883277748     
   7.4368747022391606     
   7.4702239161505473     
   7.5035731300619339     
   7.5369223439733197     
   7.5702715578847064     
   7.6036207717960931     
   7.6369699857074789     
   7.6703191996188655     
   7.7036684135302522     
   7.7370176274416380     
   7.7703668413530247     
   7.8037160552644114     
   7.8370652691757972     
   7.8704144830871838     
   7.9037636969985705     
   7.9371129109099563     
   7.9704621248213430     
   8.0038113387327297     
   8.0371605526441154     
   8.0705097665555012     
   8.1038589804668888     
   8.1372081943782746     
   8.1705574082896604     
   8.2039066222010479     
   8.2372558361124337     
   8.2706050500238195     
   8.3039542639352071     
   8.3373034778465929     
   8.3706526917579787     
   8.4040019056693662     
   8.4373511195807520     
   8.4707003334921378     
   8.5040495474035254     
   8.5373987613149112     
   8.5707479752262969     
   8.6040971891376845     
   8.6374464030490703     
   8.6707956169604561     
   8.7041448308718437     
   8.7374940447832294     
   8.7708432586946152     
   8.8041924726060028     
   8.8375416865173886     
   8.8708909004287744     
   8.9042401143401619     
   8.9375893282515477     
   8.9709385421629335     
   9.0042877560743211     
   9.0376369699857069     
   9.0709861838970927     
   9.1043353978084802     
   9.1376846117198660     
   9.1710338256312518     
   9.2043830395426394     
   9.2377322534540252     
   9.2710814673654109     
   9.3044306812767985     
   9.3377798951881843     
   9.3711291090995701     
   9.4044783230109577     
   9.4378275369223434     
   9.4711767508337292     
   9.5045259647451168     
   9.5378751786565026     
   9.5712243925678884     
   9.6045736064792742     
   9.6379228203906617     
   9.6712720343020475     
   9.7046212482134333     
   9.7379704621248209     
   9.7713196760362067     
   9.8046688899475924     
   9.8380181038589800     
   9.8713673177703658     
   9.9047165316817516     
   9.9380657455931392     
   9.9714149595045249     
   10.004764173415911     
   10.038113387327298     
   10.071462601238684     
   10.104811815150070     
   10.138161029061457     
   10.171510242972843     
   10.204859456884229     
   10.238208670795617     
   10.271557884707002     
   10.304907098618388     
   10.338256312529776     
   10.371605526441162     
   10.404954740352547     
   10.438303954263935     
   10.471653168175321     
   10.505002382086706     
   10.538351595998094     
   10.571700809909480     
   10.605050023820866     
   10.638399237732253     
   10.671748451643639     
   10.705097665555025     
   10.738446879466412     
   10.771796093377798     
   10.805145307289184     
   10.838494521200571     
   10.871843735111957     
   10.905192949023343     
   10.938542162934731     
   10.971891376846116     
   11.005240590757502     
   11.038589804668890     
   11.071939018580276     
   11.105288232491661     
   11.138637446403049     
   11.171986660314435     
   11.205335874225820     
   11.238685088137208     
   11.272034302048594     
   11.305383515959980     
   11.338732729871367     
   11.372081943782753     
   11.405431157694139     
   11.438780371605526     
   11.472129585516912     
   11.505478799428298     
   11.538828013339685     
   11.572177227251071     
   11.605526441162457     
   11.638875655073845     
   11.672224868985230     
   11.705574082896616     
   11.738923296808004     
   11.772272510719390     
   11.805621724630775     
   11.838970938542161     
   11.872320152453549     
   11.905669366364934     
   11.939018580276320     
   11.972367794187708     
   12.005717008099094     
   12.039066222010479     
   12.072415435921867     
   12.105764649833253     
   12.139113863744639     
   12.172463077656026     
   12.205812291567412     
   12.239161505478798     
   12.272510719390185     
   12.305859933301571     
   12.339209147212957     
   12.372558361124344     
   12.405907575035730     
   12.439256788947116     
   12.472606002858504     
   12.505955216769889     
   12.539304430681275     
   12.572653644592663     
   12.606002858504048     
   12.639352072415434     
   12.672701286326822     
   12.706050500238208     
   12.739399714149593     
   12.772748928060981     
   12.806098141972367     
   12.839447355883753     
   12.872796569795140     
   12.906145783706526     
   12.939494997617912     
   12.972844211529299     
   13.006193425440685     
   13.039542639352071     
   13.072891853263458     
   13.106241067174844     
   13.139590281086230     
   13.172939494997618     
   13.206288708909003     
   13.239637922820389     
   13.272987136731777     
   13.306336350643162     
   13.339685564554548     
   13.373034778465936     
   13.406383992377322     
   13.439733206288707     
   13.473082420200095     
   13.506431634111481     
   13.539780848022867     
   13.573130061934254     
   13.606479275845640     
   13.639828489757026     
   13.673177703668413     
   13.706526917579799     
   13.739876131491185     
   13.773225345402572     
   13.806574559313958     
   13.839923773225344     
   13.873272987136730     
   13.906622201048117     
   13.939971414959503     
   13.973320628870889     
   14.006669842782276     
   14.040019056693662     
   14.073368270605048     
   14.106717484516436     
   14.140066698427821     
   14.173415912339207     
   14.206765126250595     
   14.240114340161981     
   14.273463554073366     
   14.306812767984754     
   14.340161981896140     
   14.373511195807525     
   14.406860409718913     
   14.440209623630299     
   14.473558837541685     
   14.506908051453072     
   14.540257265364458     
   14.573606479275844     
   14.606955693187231     
   14.640304907098617     
   14.673654121010003     
   14.707003334921390     
   14.740352548832776     
   14.773701762744162     
   14.807050976655550     
   14.840400190566935     
   14.873749404478321     
   14.907098618389709     
   14.940447832301095     
   14.973797046212480     
   15.007146260123868     
   15.040495474035254     
   15.073844687946639     
   15.107193901858027     
   15.140543115769413     
   15.173892329680799     
   15.207241543592186     
   15.240590757503572     
   15.273939971414958     
   15.307289185326345     
   15.340638399237731     
   15.373987613149117     
   15.407336827060504     
   15.440686040971890     
   15.474035254883276     
   15.507384468794664     
   15.540733682706049     
   15.574082896617435     
   15.607432110528823     
   15.640781324440209     
   15.674130538351594     
   15.707479752262982     
   15.740828966174368     
   15.774178180085753     
   15.807527393997141     
   15.840876607908527     
   15.874225821819913     
   15.907575035731300     
   15.940924249642686     
   15.974273463554072     
   16.007622677465459     
   16.040971891376845     
   16.074321105288231     
   16.107670319199617     
   16.141019533111002     
   16.174368747022392     
   16.207717960933778     
   16.241067174845163     
   16.274416388756549     
   16.307765602667935     
   16.341114816579321     
   16.374464030490710     
   16.407813244402096     
   16.441162458313482     
   16.474511672224867     
   16.507860886136253     
   16.541210100047639     
   16.574559313959028     
   16.607908527870414     
   16.641257741781800     
   16.674606955693186     
   16.707956169604572     
   16.741305383515957     
   16.774654597427347     
   16.808003811338732     
   16.841353025250118     
   16.874702239161504     
   16.908051453072890     
   16.941400666984276     
   16.974749880895665     
   17.008099094807051     
   17.041448308718437     
   17.074797522629822     
   17.108146736541208     
   17.141495950452594     
   17.174845164363980     
   17.208194378275369     
   17.241543592186755     
   17.274892806098141     
   17.308242020009526     
   17.341591233920912     
   17.374940447832298     
   17.408289661743687     
   17.441638875655073     
   17.474988089566459     
   17.508337303477845     
   17.541686517389230     
   17.575035731300616     
   17.608384945212006     
   17.641734159123391     
   17.675083373034777     
   17.708432586946163     
   17.741781800857549     
   17.775131014768935     
   17.808480228680324     
   17.841829442591710     
   17.875178656503095     
   17.908527870414481     
   17.941877084325867     
   17.975226298237253     
   18.008575512148642     
   18.041924726060028     
   18.075273939971414     
   18.108623153882800     
   18.141972367794185     
   18.175321581705571     
   18.208670795616960     
   18.242020009528346     
   18.275369223439732     
   18.308718437351118     
   18.342067651262504     
   18.375416865173889     
   18.408766079085279     
   18.442115292996665     
   18.475464506908050     
   18.508813720819436     
   18.542162934730822     
   18.575512148642208     
   18.608861362553597     
   18.642210576464983     
   18.675559790376369     
   18.708909004287754     
   18.742258218199140     
   18.775607432110526     
   18.808956646021915     
   18.842305859933301     
   18.875655073844687     
   18.909004287756073     
   18.942353501667458     
   18.975702715578844     
   19.009051929490234     
   19.042401143401619     
   19.075750357313005     
   19.109099571224391     
   19.142448785135777     
   19.175797999047163     
   19.209147212958548     
   19.242496426869938     
   19.275845640781323     
   19.309194854692709     
   19.342544068604095     
   19.375893282515481     
   19.409242496426867     
   19.442591710338256     
   19.475940924249642     
   19.509290138161028     
   19.542639352072413     
   19.575988565983799     
   19.609337779895185     
   19.642686993806574     
   19.676036207717960     
   19.709385421629346     
   19.742734635540732     
   19.776083849452117     
   19.809433063363503     
   19.842782277274893     
   19.876131491186278     
   19.909480705097664     
   19.942829919009050     
   19.976179132920436     
   20.009528346831821     
   20.042877560743211     
   20.076226774654597     
   20.109575988565982     
   20.142925202477368     
   20.176274416388754     
   20.209623630300140     
   20.242972844211529     
   20.276322058122915     
   20.309671272034301     
   20.343020485945686     
   20.376369699857072     
   20.409718913768458     
   20.443068127679847     
   20.476417341591233     
   20.509766555502619     
   20.543115769414005     
   20.576464983325391     
   20.609814197236776     
   20.643163411148166     
   20.676512625059551     
   20.709861838970937     
   20.743211052882323     
   20.776560266793709     
   20.809909480705095     
   20.843258694616484     
   20.876607908527870     
   20.909957122439256     
   20.943306336350641     
   20.976655550262027     
   21.010004764173413     
   21.043353978084802     
   21.076703191996188     
   21.110052405907574     
   21.143401619818960     
   21.176750833730345     
   21.210100047641731     
   21.243449261553121     
   21.276798475464506     
   21.310147689375892     
   21.343496903287278     
   21.376846117198664     
   21.410195331110049     
   21.443544545021435     
   21.476893758932825     
   21.510242972844210     
   21.543592186755596     
   21.576941400666982     
   21.610290614578368     
   21.643639828489754     
   21.676989042401143     
   21.710338256312529     
   21.743687470223914     
   21.777036684135300     
   21.810385898046686     
   21.843735111958072     
   21.877084325869461     
   21.910433539780847     
   21.943782753692233     
   21.977131967603619     
   22.010481181515004     
   22.043830395426390     
   22.077179609337779     
   22.110528823249165     
   22.143878037160551     
   22.177227251071937     
   22.210576464983323     
   22.243925678894708     
   22.277274892806098     
   22.310624106717484     
   22.343973320628869     
   22.377322534540255     
   22.410671748451641     
   22.444020962363027     
   22.477370176274416     
   22.510719390185802     
   22.544068604097188     
   22.577417818008573     
   22.610767031919959     
   22.644116245831345     
   22.677465459742734     
   22.710814673654120     
   22.744163887565506     
   22.777513101476892     
   22.810862315388277     
   22.844211529299663     
   22.877560743211053     
   22.910909957122438     
   22.944259171033824     
   22.977608384945210     
   23.010957598856596     
   23.044306812767982     
   23.077656026679371     
   23.111005240590757     
   23.144354454502142     
   23.177703668413528     
   23.211052882324914     
   23.244402096236300     
   23.277751310147689     
   23.311100524059075     
   23.344449737970461     
   23.377798951881847     
   23.411148165793232     
   23.444497379704618     
   23.477846593616007     
   23.511195807527393     
   23.544545021438779     
   23.577894235350165     
   23.611243449261551     
   23.644592663172936     
   23.677941877084322     
   23.711291090995712     
   23.744640304907097     
   23.777989518818483     
   23.811338732729869     
   23.844687946641255     
   23.878037160552640     
   23.911386374464030     
   23.944735588375416     
   23.978084802286801     
   24.011434016198187     
   24.044783230109573     
   24.078132444020959     
   24.111481657932348     
   24.144830871843734     
   24.178180085755120     
   24.211529299666505     
   24.244878513577891     
   24.278227727489277     
   24.311576941400666     
   24.344926155312052     
   24.378275369223438     
   24.411624583134824     
   24.444973797046210     
   24.478323010957595     
   24.511672224868985     
   24.545021438780370     
   24.578370652691756     
   24.611719866603142     
   24.645069080514528     
   24.678418294425914     
   24.711767508337303     
   24.745116722248689     
   24.778465936160075     
   24.811815150071460     
   24.845164363982846     
   24.878513577894232     
   24.911862791805621     
   24.945212005717007     
   24.978561219628393     
   25.011910433539779     
   25.045259647451164     
   25.078608861362550     
   25.111958075273940     
   25.145307289185325     
   25.178656503096711     
   25.212005717008097     
   25.245354930919483     
   25.278704144830868     
   25.312053358742258     
   25.345402572653644     
   25.378751786565029     
   25.412101000476415     
   25.445450214387801     
   25.478799428299187     
   25.512148642210576     
   25.545497856121962     
   25.578847070033348     
   25.612196283944733     
   25.645545497856119     
   25.678894711767505     
   25.712243925678891     
   25.745593139590280     
   25.778942353501666     
   25.812291567413052     
   25.845640781324438     
   25.878989995235823     
   25.912339209147209     
   25.945688423058598     
   25.979037636969984     
   26.012386850881370     
   26.045736064792756     
   26.079085278704142     
   26.112434492615527     
   26.145783706526917     
   26.179132920438303     
   26.212482134349688     
   26.245831348261074     
   26.279180562172460     
   26.312529776083846     
   26.345878989995235     
   26.379228203906621     
   26.412577417818007     
   26.445926631729392     
   26.479275845640778     
   26.512625059552164     
   26.545974273463553     
   26.579323487374939     
   26.612672701286325     
   26.646021915197711     
   26.679371129109096     
   26.712720343020482     
   26.746069556931872     
   26.779418770843257     
   26.812767984754643     
   26.846117198666029     
   26.879466412577415     
   26.912815626488801     
   26.946164840400190     
   26.979514054311576     
   27.012863268222961     
   27.046212482134347     
   27.079561696045733     
   27.112910909957119     
   27.146260123868508     
   27.179609337779894     
   27.212958551691280     
   27.246307765602666     
   27.279656979514051     
   27.313006193425437     
   27.346355407336826     
   27.379704621248212     
   27.413053835159598     
   27.446403049070984     
   27.479752262982370     
   27.513101476893755     
   27.546450690805145     
   27.579799904716531     
   27.613149118627916     
   27.646498332539302     
   27.679847546450688     
   27.713196760362074     
   27.746545974273459     
   27.779895188184849     
   27.813244402096235     
   27.846593616007620     
   27.879942829919006     
   27.913292043830392     
   27.946641257741778     
   27.979990471653167     
   28.013339685564553     
   28.046688899475939     
   28.080038113387324     
   28.113387327298710     
   28.146736541210096     
   28.180085755121485     
   28.213434969032871     
   28.246784182944257     
   28.280133396855643     
   28.313482610767029     
   28.346831824678414     
   28.380181038589804     
   28.413530252501189     
   28.446879466412575     
   28.480228680323961     
   28.513577894235347     
   28.546927108146733     
   28.580276322058122     
   28.613625535969508     
   28.646974749880894     
   28.680323963792279     
   28.713673177703665     
   28.747022391615051     
   28.780371605526440     
   28.813720819437826     
   28.847070033349212     
   28.880419247260598     
   28.913768461171983     
   28.947117675083369     
   28.980466888994759     
   29.013816102906144     
   29.047165316817530     
   29.080514530728916     
   29.113863744640302     
   29.147212958551687     
   29.180562172463077     
   29.213911386374463     
   29.247260600285848     
   29.280609814197234     
   29.313959028108620     
   29.347308242020006     
   29.380657455931395     
   29.414006669842781     
   29.447355883754167     
   29.480705097665552     
   29.514054311576938     
   29.547403525488324     
   29.580752739399713     
   29.614101953311099     
   29.647451167222485     
   29.680800381133871     
   29.714149595045257     
   29.747498808956642     
   29.780848022868032     
   29.814197236779417     
   29.847546450690803     
   29.880895664602189     
   29.914244878513575     
   29.947594092424961     
   29.980943306336346     
   30.014292520247736     
   30.047641734159122     
   30.080990948070507     
   30.114340161981893     
   30.147689375893279     
   30.181038589804665     
   30.214387803716054     
   30.247737017627440     
   30.281086231538826     
   30.314435445450211     
   30.347784659361597     
   30.381133873272983     
   30.414483087184372     
   30.447832301095758     
   30.481181515007144     
   30.514530728918530     
   30.547879942829915     
   30.581229156741301     
   30.614578370652691     
   30.647927584564076     
   30.681276798475462     
   30.714626012386848     
   30.747975226298234     
   30.781324440209620     
   30.814673654121009     
   30.848022868032395     
   30.881372081943780     
   30.914721295855166     
   30.948070509766552     
   30.981419723677938     
   31.014768937589327     
   31.048118151500713     
   31.081467365412099     
   31.114816579323485     
   31.148165793234870     
   31.181515007146256     
   31.214864221057645     
   31.248213434969031     
   31.281562648880417     
   31.314911862791803     
   31.348261076703189     
   31.381610290614574     
   31.414959504525964     
   31.448308718437350     
   31.481657932348735     
   31.515007146260121     
   31.548356360171507     
   31.581705574082893     
   31.615054787994282     
   31.648404001905668     
   31.681753215817054     
   31.715102429728439     
   31.748451643639825     
   31.781800857551211     
   31.815150071462600     
   31.848499285373986     
   31.881848499285372     
   31.915197713196758     
   31.948546927108143     
   31.981896141019529     
   32.015245354930919     
   32.048594568842304     
   32.081943782753690     
   32.115292996665076     
   32.148642210576462     
   32.181991424487848     
   32.215340638399233     
   32.248689852310619     
   32.282039066222005     
   32.315388280133391     
   32.348737494044784     
   32.382086707956169     
   32.415435921867555     
   32.448785135778941     
   32.482134349690327     
   32.515483563601713     
   32.548832777513098     
   32.582181991424484     
   32.615531205335870     
   32.648880419247256     
   32.682229633158641     
   32.715578847070027     
   32.748928060981420     
   32.782277274892806     
   32.815626488804192     
   32.848975702715578     
   32.882324916626963     
   32.915674130538349     
   32.949023344449735     
   32.982372558361121     
   33.015721772272506     
   33.049070986183892     
   33.082420200095278     
   33.115769414006664     
   33.149118627918057     
   33.182467841829443     
   33.215817055740828     
   33.249166269652214     
   33.282515483563600     
   33.315864697474986     
   33.349213911386371     
   33.382563125297757     
   33.415912339209143     
   33.449261553120529     
   33.482610767031915     
   33.515959980943300     
   33.549309194854693     
   33.582658408766079     
   33.616007622677465     
   33.649356836588851     
   33.682706050500236     
   33.716055264411622     
   33.749404478323008     
   33.782753692234394     
   33.816102906145780     
   33.849452120057165     
   33.882801333968551     
   33.916150547879937     
   33.949499761791330     
   33.982848975702716     
   34.016198189614101     
   34.049547403525487     
   34.082896617436873     
   34.116245831348259     
   34.149595045259645     
   34.182944259171030     
   34.216293473082416     
   34.249642686993802     
   34.282991900905188     
   34.316341114816574     
   34.349690328727959     
   34.383039542639352     
   34.416388756550738     
   34.449737970462124     
   34.483087184373510     
   34.516436398284895     
   34.549785612196281     
   34.583134826107667     
   34.616484040019053     
   34.649833253930439     
   34.683182467841824     
   34.716531681753210     
   34.749880895664596     
   34.783230109575989     
   34.816579323487375     
   34.849928537398760     
   34.883277751310146     
   34.916626965221532     
   34.949976179132918     
   34.983325393044304     
   35.016674606955689     
   35.050023820867075     
   35.083373034778461     
   35.116722248689847     
   35.150071462601232     
   35.183420676512625     
   35.216769890424011     
   35.250119104335397     
   35.283468318246783     
   35.316817532158169     
   35.350166746069554     
   35.383515959980940     
   35.416865173892326     
   35.450214387803712     
   35.483563601715097     
   35.516912815626483     
   35.550262029537869     
   35.583611243449262     
   35.616960457360648     
   35.650309671272034     
   35.683658885183419     
   35.717008099094805     
   35.750357313006191     
   35.783706526917577     
   35.817055740828962     
   35.850404954740348     
   35.883754168651734     
   35.917103382563120     
   35.950452596474506     
   35.983801810385899     
   36.017151024297284     
   36.050500238208670     
   36.083849452120056     
   36.117198666031442     
   36.150547879942827     
   36.183897093854213     
   36.217246307765599     
   36.250595521676985     
   36.283944735588371     
   36.317293949499756     
   36.350643163411142     
   36.383992377322528     
   36.417341591233921     
   36.450690805145307     
   36.484040019056692     
   36.517389232968078     
   36.550738446879464     
   36.584087660790850     
   36.617436874702236     
   36.650786088613621     
   36.684135302525007     
   36.717484516436393     
   36.750833730347779     
   36.784182944259165     
   36.817532158170557     
   36.850881372081943     
   36.884230585993329     
   36.917579799904715     
   36.950929013816101     
   36.984278227727486     
   37.017627441638872     
   37.050976655550258     
   37.084325869461644     
   37.117675083373030     
   37.151024297284415     
   37.184373511195801     
   37.217722725107194     
   37.251071939018580     
   37.284421152929966     
   37.317770366841351     
   37.351119580752737     
   37.384468794664123     
   37.417818008575509     
   37.451167222486895     
   37.484516436398280     
   37.517865650309666     
   37.551214864221052     
   37.584564078132438     
   37.617913292043831     
   37.651262505955216     
   37.684611719866602     
   37.717960933777988     
   37.751310147689374     
   37.784659361600760     
   37.818008575512145     
   37.851357789423531     
   37.884707003334917     
   37.918056217246303     
   37.951405431157688     
   37.984754645069074     
   38.018103858980467     
   38.051453072891853     
   38.084802286803239     
   38.118151500714625     
   38.151500714626010     
   38.184849928537396     
   38.218199142448782     
   38.251548356360168     
   38.284897570271553     
   38.318246784182939     
   38.351595998094325     
   38.384945212005711     
   38.418294425917097     
   38.451643639828490     
   38.484992853739875     
   38.518342067651261     
   38.551691281562647     
   38.585040495474033     
   38.618389709385418     
   38.651738923296804     
   38.685088137208190     
   38.718437351119576     
   38.751786565030962     
   38.785135778942347     
   38.818484992853733     
   38.851834206765126     
   38.885183420676512     
   38.918532634587898     
   38.951881848499283     
   38.985231062410669     
   39.018580276322055     
   39.051929490233441     
   39.085278704144827     
   39.118627918056212     
   39.151977131967598     
   39.185326345878984     
   39.218675559790370     
   39.252024773701763     
   39.285373987613148     
   39.318723201524534     
   39.352072415435920     
   39.385421629347306     
   39.418770843258692     
   39.452120057170077     
   39.485469271081463     
   39.518818484992849     
   39.552167698904235     
   39.585516912815621     
   39.618866126727006     
   39.652215340638399     
   39.685564554549785     
   39.718913768461171     
   39.752262982372557     
   39.785612196283942     
   39.818961410195328     
   39.852310624106714     
   39.885659838018100     
   39.919009051929486     
   39.952358265840871     
   39.985707479752257     
   40.019056693663643     
   40.052405907575036     
   40.085755121486422     
   40.119104335397807     
   40.152453549309193     
   40.185802763220579     
   40.219151977131965     
   40.252501191043351     
   40.285850404954736     
   40.319199618866122     
   40.352548832777508     
   40.385898046688894     
   40.419247260600280     
   40.452596474511672     
   40.485945688423058     
   40.519294902334444     
   40.552644116245830     
   40.585993330157216     
   40.619342544068601     
   40.652691757979987     
   40.686040971891373     
   40.719390185802759     
   40.752739399714144     
   40.786088613625530     
   40.819437827536916     
   40.852787041448302     
   40.886136255359695     
   40.919485469271081     
   40.952834683182466     
   40.986183897093852     
   41.019533111005238     
   41.052882324916624     
   41.086231538828009     
   41.119580752739395     
   41.152929966650781     
   41.186279180562167     
   41.219628394473553     
   41.252977608384938     
   41.286326822296331     
   41.319676036207717     
   41.353025250119103     
   41.386374464030489     
   41.419723677941874     
   41.453072891853260     
   41.486422105764646     
   41.519771319676032     
   41.553120533587418     
   41.586469747498803     
   41.619818961410189     
   41.653168175321575     
   41.686517389232968     
   41.719866603144354     
   41.753215817055739     
   41.786565030967125     
   41.819914244878511     
   41.853263458789897     
   41.886612672701283     
   41.919961886612668     
   41.953311100524054     
   41.986660314435440     
   42.020009528346826     
   42.053358742258212     
   42.086707956169604     
   42.120057170080990     
   42.153406383992376     
   42.186755597903762     
   42.220104811815148     
   42.253454025726533     
   42.286803239637919     
   42.320152453549305     
   42.353501667460691     
   42.386850881372077     
   42.420200095283462     
   42.453549309194848     
   42.486898523106241     
   42.520247737017627     
   42.553596950929013     
   42.586946164840398     
   42.620295378751784     
   42.653644592663170     
   42.686993806574556     
   42.720343020485942     
   42.753692234397327     
   42.787041448308713     
   42.820390662220099     
   42.853739876131485     
   42.887089090042871     
   42.920438303954263     
   42.953787517865649     
   42.987136731777035     
   43.020485945688421     
   43.053835159599807     
   43.087184373511192     
   43.120533587422578     
   43.153882801333964     
   43.187232015245350     
   43.220581229156736     
   43.253930443068121     
   43.287279656979507     
   43.320628870890900     
   43.353978084802286     
   43.387327298713672     
   43.420676512625057     
   43.454025726536443     
   43.487374940447829     
   43.520724154359215     
   43.554073368270600     
   43.587422582181986     
   43.620771796093372     
   43.654121010004758     
   43.687470223916144     
   43.720819437827537     
   43.754168651738922     
   43.787517865650308     
   43.820867079561694     
   43.854216293473080     
   43.887565507384465     
   43.920914721295851     
   43.954263935207237     
   43.987613149118623     
   44.020962363030009     
   44.054311576941394     
   44.087660790852780     
   44.121010004764173     
   44.154359218675559     
   44.187708432586945     
   44.221057646498330     
   44.254406860409716     
   44.287756074321102     
   44.321105288232488     
   44.354454502143874     
   44.387803716055259     
   44.421152929966645     
   44.454502143878031     
   44.487851357789417     
   44.521200571700810     
   44.554549785612195     
   44.587898999523581     
   44.621248213434967     
   44.654597427346353     
   44.687946641257739     
   44.721295855169124     
   44.754645069080510     
   44.787994282991896     
   44.821343496903282     
   44.854692710814668     
   44.888041924726053     
   44.921391138637439     
   44.954740352548832     
   44.988089566460218     
   45.021438780371604     
   45.054787994282989     
   45.088137208194375     
   45.121486422105761     
   45.154835636017147     
   45.188184849928533     
   45.221534063839918     
   45.254883277751304     
   45.288232491662690     
   45.321581705574076     
   45.354930919485469     
   45.388280133396854     
   45.421629347308240     
   45.454978561219626     
   45.488327775131012     
   45.521676989042398     
   45.555026202953783     
   45.588375416865169     
   45.621724630776555     
   45.655073844687941     
   45.688423058599327     
   45.721772272510712     
   45.755121486422105     
   45.788470700333491     
   45.821819914244877     
   45.855169128156263     
   45.888518342067648     
   45.921867555979034     
   45.955216769890420     
   45.988565983801806     
   46.021915197713192     
   46.055264411624577     
   46.088613625535963     
   46.121962839447349     
   46.155312053358742     
   46.188661267270128     
   46.222010481181513     
   46.255359695092899     
   46.288708909004285     
   46.322058122915671     
   46.355407336827056     
   46.388756550738442     
   46.422105764649828     
   46.455454978561214     
   46.488804192472600     
   46.522153406383985     
   46.555502620295378     
   46.588851834206764     
   46.622201048118150     
   46.655550262029536     
   46.688899475940921     
   46.722248689852307     
   46.755597903763693     
   46.788947117675079     
   46.822296331586465     
   46.855645545497850     
   46.888994759409236     
   46.922343973320622     
   46.955693187232015     
   46.989042401143401     
   47.022391615054786     
   47.055740828966172     
   47.089090042877558     
   47.122439256788944     
   47.155788470700330     
   47.189137684611715     
   47.222486898523101     
   47.255836112434487     
   47.289185326345873     
   47.322534540257259     
   47.355883754168644     
   47.389232968080037     
   47.422582181991423     
   47.455931395902809     
   47.489280609814195     
   47.522629823725580     
   47.555979037636966     
   47.589328251548352     
   47.622677465459738     
   47.656026679371124     
   47.689375893282509     
   47.722725107193895     
   47.756074321105281     
   47.789423535016674     
   47.822772748928060     
   47.856121962839445     
   47.889471176750831     
   47.922820390662217     
   47.956169604573603     
   47.989518818484989     
   48.022868032396374     
   48.056217246307760     
   48.089566460219146     
   48.122915674130532     
   48.156264888041918     
   48.189614101953310     
   48.222963315864696     
   48.256312529776082     
   48.289661743687468     
   48.323010957598854     
   48.356360171510239     
   48.389709385421625     
   48.423058599333011     
   48.456407813244397     
   48.489757027155783     
   48.523106241067168     
   48.556455454978554     
   48.589804668889947     
   48.623153882801333     
   48.656503096712719     
   48.689852310624104     
   48.723201524535490     
   48.756550738446876     
   48.789899952358262     
   48.823249166269648     
   48.856598380181033     
   48.889947594092419     
   48.923296808003805     
   48.956646021915191     
   48.989995235826584     
   49.023344449737969     
   49.056693663649355     
   49.090042877560741     
   49.123392091472127     
   49.156741305383512     
   49.190090519294898     
   49.223439733206284     
   49.256788947117670     
   49.290138161029056     
   49.323487374940441     
   49.356836588851827     
   49.390185802763213     
   49.423535016674606     
   49.456884230585992     
   49.490233444497377     
   49.523582658408763     
   49.556931872320149     
   49.590281086231535     
   49.623630300142921     
   49.656979514054306     
   49.690328727965692     
   49.723677941877078     
   49.757027155788464     
   49.790376369699850     
   49.823725583611242     
   49.857074797522628     
   49.890424011434014     
   49.923773225345400     
   49.957122439256786     
   49.990471653168171     
   50.023820867079557     
   50.057170080990943     
   50.090519294902329     
   50.123868508813715     
   50.157217722725100     
   50.190566936636486     
   50.223916150547879     
   50.257265364459265     
   50.290614578370651     
   50.323963792282036     
   50.357313006193422     
   50.390662220104808     
   50.424011434016194     
   50.457360647927580     
   50.490709861838965     
   50.524059075750351     
   50.557408289661737     
   50.590757503573123     
   50.624106717484516     
   50.657455931395901     
   50.690805145307287     
   50.724154359218673     
   50.757503573130059     
   50.790852787041445     
   50.824202000952830     
   50.857551214864216     
   50.890900428775602     
   50.924249642686988     
   50.957598856598374     
   50.990948070509759     
   51.024297284421152     
   51.057646498332538     
   51.090995712243924     
   51.124344926155310     
   51.157694140066695     
   51.191043353978081     
   51.224392567889467     
   51.257741781800853     
   51.291090995712239     
   51.324440209623624     
   51.357789423535010     
   51.391138637446396     
   51.424487851357782     
   51.457837065269175     
   51.491186279180560     
   51.524535493091946     
   51.557884707003332     
   51.591233920914718     
   51.624583134826104     
   51.657932348737489     
   51.691281562648875     
   51.724630776560261     
   51.757979990471647     
   51.791329204383032     
   51.824678418294418     
   51.858027632205811     
   51.891376846117197     
   51.924726060028583     
   51.958075273939968     
   51.991424487851354     
   52.024773701762740     
   52.058122915674126     
   52.091472129585512     
   52.124821343496897     
   52.158170557408283     
   52.191519771319669     
   52.224868985231055     
   52.258218199142448     
   52.291567413053833     
   52.324916626965219     
   52.358265840876605     
   52.391615054787991     
   52.424964268699377     
   52.458313482610762     
   52.491662696522148     
   52.525011910433534     
   52.558361124344920     
   52.591710338256306     
   52.625059552167691     
   52.658408766079084     
   52.691757979990470     
   52.725107193901856     
   52.758456407813242     
   52.791805621724627     
   52.825154835636013     
   52.858504049547399     
   52.891853263458785     
   52.925202477370171     
   52.958551691281556     
   52.991900905192942     
   53.025250119104328     
   53.058599333015721     
   53.091948546927107     
   53.125297760838492     
   53.158646974749878     
   53.191996188661264     
   53.225345402572650     
   53.258694616484036     
   53.292043830395421     
   53.325393044306807     
   53.358742258218193     
   53.392091472129579     
   53.425440686040965     
   53.458789899952350     
   53.492139113863743     
   53.525488327775129     
   53.558837541686515     
   53.592186755597901     
   53.625535969509286     
   53.658885183420672     
   53.692234397332058     
   53.725583611243444     
   53.758932825154830     
   53.792282039066215     
   53.825631252977601     
   53.858980466888987     
   53.892329680800380     
   53.925678894711766     
   53.959028108623151     
   53.992377322534537     
   54.025726536445923     
   54.059075750357309     
   54.092424964268695     
   54.125774178180080     
   54.159123392091466     
   54.192472606002852     
   54.225821819914238     
   54.259171033825623     
   54.292520247737016     
   54.325869461648402     
   54.359218675559788     
   54.392567889471174     
   54.425917103382560     
   54.459266317293945     
   54.492615531205331     
   54.525964745116717     
   54.559313959028103     
   54.592663172939488     
   54.626012386850874     
   54.659361600762260     
   54.692710814673653     
   54.726060028585039     
   54.759409242496424     
   54.792758456407810     
   54.826107670319196     
   54.859456884230582     
   54.892806098141968     
   54.926155312053353     
   54.959504525964739     
   54.992853739876125     
   55.026202953787511     
   55.059552167698897     
   55.092901381610289     
   55.126250595521675     
   55.159599809433061     
   55.192949023344447     
   55.226298237255833     
   55.259647451167218     
   55.292996665078604     
   55.326345878989990     
   55.359695092901376     
   55.393044306812762     
   55.426393520724147     
   55.459742734635533     
   55.493091948546919     
   55.526441162458312     
   55.559790376369698     
   55.593139590281083     
   55.626488804192469     
   55.659838018103855     
   55.693187232015241     
   55.726536445926627     
   55.759885659838012     
   55.793234873749398     
   55.826584087660784     
   55.859933301572170     
   55.893282515483556     
   55.926631729394948     
   55.959980943306334     
   55.993330157217720     
   56.026679371129106     
   56.060028585040492     
   56.093377798951877     
   56.126727012863263     
   56.160076226774649     
   56.193425440686035     
   56.226774654597421     
   56.260123868508806     
   56.293473082420192     
   56.326822296331585     
   56.360171510242971     
   56.393520724154357     
   56.426869938065742     
   56.460219151977128     
   56.493568365888514     
   56.526917579799900     
   56.560266793711286     
   56.593616007622671     
   56.626965221534057     
   56.660314435445443     
   56.693663649356829     
   56.727012863268222     
   56.760362077179607     
   56.793711291090993     
   56.827060505002379     
   56.860409718913765     
   56.893758932825151     
   56.927108146736536     
   56.960457360647922     
   56.993806574559308     
   57.027155788470694     
   57.060505002382079     
   57.093854216293465     
   57.127203430204858     
   57.160552644116244     
   57.193901858027630     
   57.227251071939016     
   57.260600285850401     
   57.293949499761787     
   57.327298713673173     
   57.360647927584559     
   57.393997141495944     
   57.427346355407330     
   57.460695569318716     
   57.494044783230102     
   57.527393997141495     
   57.560743211052880     
   57.594092424964266     
   57.627441638875652     
   57.660790852787038     
   57.694140066698424     
   57.727489280609809     
   57.760838494521195     
   57.794187708432581     
   57.827536922343967     
   57.860886136255353     
   57.894235350166738     
   57.927584564078124     
   57.960933777989517     
   57.994282991900903     
   58.027632205812289     
   58.060981419723674     
   58.094330633635060     
   58.127679847546446     
   58.161029061457832     
   58.194378275369218     
   58.227727489280603     
   58.261076703191989     
   58.294425917103375     
   58.327775131014761     
   58.361124344926154     
   58.394473558837539     
   58.427822772748925     
   58.461171986660311     
   58.494521200571697     
   58.527870414483083     
   58.561219628394468     
   58.594568842305854     
   58.627918056217240     
   58.661267270128626     
   58.694616484040012     
   58.727965697951397     
   58.761314911862790     
   58.794664125774176     
   58.828013339685562     
   58.861362553596948     
   58.894711767508333     
   58.928060981419719     
   58.961410195331105     
   58.994759409242491     
   59.028108623153877     
   59.061457837065262     
   59.094807050976648     
   59.128156264888034     
   59.161505478799427     
   59.194854692710813     
   59.228203906622198     
   59.261553120533584     
   59.294902334444970     
   59.328251548356356     
   59.361600762267742     
   59.394949976179127     
   59.428299190090513     
   59.461648404001899     
   59.494997617913285     
   59.528346831824670     
   59.561696045736063     
   59.595045259647449     
   59.628394473558835     
   59.661743687470221     
   59.695092901381607     
   59.728442115292992     
   59.761791329204378     
   59.795140543115764     
   59.828489757027150     
   59.861838970938535     
   59.895188184849921     
   59.928537398761307     
   59.961886612672693     
   59.995235826584086     
   60.028585040495472     
   60.061934254406857     
   60.095283468318243     
   60.128632682229629     
   60.161981896141015     
   60.195331110052400     
   60.228680323963786     
   60.262029537875172     
   60.295378751786558     
   60.328727965697944     
   60.362077179609329     
   60.395426393520722     
   60.428775607432108     
   60.462124821343494     
   60.495474035254880     
   60.528823249166265     
   60.562172463077651     
   60.595521676989037     
   60.628870890900423     
   60.662220104811809     
   60.695569318723194     
   60.728918532634580     
   60.762267746545966     
   60.795616960457359     
   60.828966174368745     
   60.862315388280130     
   60.895664602191516     
   60.929013816102902     
   60.962363030014288     
   60.995712243925674     
   61.029061457837059     
   61.062410671748445     
   61.095759885659831     
   61.129109099571217     
   61.162458313482603     
   61.195807527393995     
   61.229156741305381     
   61.262505955216767     
   61.295855169128153     
   61.329204383039539     
   61.362553596950924     
   61.395902810862310     
   61.429252024773696     
   61.462601238685082     
   61.495950452596468     
   61.529299666507853     
   61.562648880419239     
   61.595998094330632     
   61.629347308242018     
   61.662696522153404     
   61.696045736064789     
   61.729394949976175     
   61.762744163887561     
   61.796093377798947     
   61.829442591710333     
   61.862791805621718     
   61.896141019533104     
   61.929490233444490     
   61.962839447355876     
   61.996188661267261     
   62.029537875178654     
   62.062887089090040     
   62.096236303001426     
   62.129585516912812     
   62.162934730824198     
   62.196283944735583     
   62.229633158646969     
   62.262982372558355     
   62.296331586469741     
   62.329680800381126     
   62.363030014292512     
   62.396379228203898     
   62.429728442115291     
   62.463077656026677     
   62.496426869938063     
   62.529776083849448     
   62.563125297760834     
   62.596474511672220     
   62.629823725583606     
   62.663172939494991     
   62.696522153406377     
   62.729871367317763     
   62.763220581229149     
   62.796569795140535     
   62.829919009051928     
   62.863268222963313     
   62.896617436874699     
   62.929966650786085     
   62.963315864697471     
   62.996665078608856     
   63.030014292520242     
   63.063363506431628     
   63.096712720343014     
   63.130061934254400     
   63.163411148165785     
   63.196760362077171     
   63.230109575988564     
   63.263458789899950     
   63.296808003811336     
   63.330157217722721     
   63.363506431634107     
   63.396855645545493     
   63.430204859456879     
   63.463554073368265     
   63.496903287279650     
   63.530252501191036     
   63.563601715102422     
   63.596950929013808     
   63.630300142925201     
   63.663649356836586     
   63.696998570747972     
   63.730347784659358     
   63.763696998570744     
   63.797046212482130     
   63.830395426393515     
   63.863744640304901     
   63.897093854216287     
   63.930443068127673     
   63.963792282039059     
   63.997141495950444     
   64.030490709861837     
   64.063839923773216     
   64.097189137684609     
   64.130538351595987     
   64.163887565507380     
   64.197236779418759     
   64.230585993330152     
   64.263935207241545     
   64.297284421152924     
   64.330633635064316     
   64.363982848975695     
   64.397332062887088     
   64.430681276798467     
   64.464030490709860     
   64.497379704621238     
   64.530728918532631     
   64.564078132444010     
   64.597427346355403     
   64.630776560266781     
   64.664125774178174     
   64.697474988089567     
   64.730824202000946     
   64.764173415912339     
   64.797522629823717     
   64.830871843735110     
   64.864221057646489     
   64.897570271557882     
   64.930919485469261     
   64.964268699380654     
   64.997617913292032     
   65.030967127203425     
   65.064316341114818     
   65.097665555026197     
   65.131014768937590     
   65.164363982848968     
   65.197713196760361     
   65.231062410671740     
   65.264411624583133     
   65.297760838494511     
   65.331110052405904     
   65.364459266317283     
   65.397808480228676     
   65.431157694140055     
   65.464506908051447     
   65.497856121962840     
   65.531205335874219     
   65.564554549785612     
   65.597903763696991     
   65.631252977608384     
   65.664602191519762     
   65.697951405431155     
   65.731300619342534     
   65.764649833253927     
   65.797999047165305     
   65.831348261076698     
   65.864697474988091     
   65.898046688899470     
   65.931395902810863     
   65.964745116722241     
   65.998094330633634     
   66.031443544545013     
   66.064792758456406     
   66.098141972367785     
   66.131491186279177     
   66.164840400190556     
   66.198189614101949     
   66.231538828013328     
   66.264888041924721     
   66.298237255836113     
   66.331586469747492     
   66.364935683658885     
   66.398284897570264     
   66.431634111481657     
   66.464983325393035     
   66.498332539304428     
   66.531681753215807     
   66.565030967127200     
   66.598380181038578     
   66.631729394949971     
   66.665078608861350     
   66.698427822772743     
   66.731777036684136     
   66.765126250595515     
   66.798475464506907     
   66.831824678418286     
   66.865173892329679     
   66.898523106241058     
   66.931872320152451     
   66.965221534063829     
   66.998570747975222     
   67.031919961886601     
   67.065269175797994     
   67.098618389709387     
   67.131967603620765     
   67.165316817532158     
   67.198666031443537     
   67.232015245354930     
   67.265364459266308     
   67.298713673177701     
   67.332062887089080     
   67.365412101000473     
   67.398761314911852     
   67.432110528823245     
   67.465459742734623     
   67.498808956646016     
   67.532158170557409     
   67.565507384468788     
   67.598856598380181     
   67.632205812291559     
   67.665555026202952     
   67.698904240114331     
   67.732253454025724     
   67.765602667937102     
   67.798951881848495     
   67.832301095759874     
   67.865650309671267     
   67.898999523582660     
   67.932348737494038     
   67.965697951405431     
   67.999047165316810     
   68.032396379228203     
   68.065745593139582     
   68.099094807050975     
   68.132444020962353     
   68.165793234873746     
   68.199142448785125     
   68.232491662696518     
   68.265840876607896     
   68.299190090519289     
   68.332539304430682     
   68.365888518342061     
   68.399237732253454     
   68.432586946164832     
   68.465936160076225     
   68.499285373987604     
   68.532634587898997     
   68.565983801810376     
   68.599333015721768     
   68.632682229633147     
   68.666031443544540     
   68.699380657455919     
   68.732729871367312     
   68.766079085278704     
   68.799428299190083     
   68.832777513101476     
   68.866126727012855     
   68.899475940924248     
   68.932825154835626     
   68.966174368747019     
   68.999523582658398     
   69.032872796569791     
   69.066222010481169     
   69.099571224392562     
   69.132920438303955     
   69.166269652215334     
   69.199618866126727     
   69.232968080038106     
   69.266317293949498     
   69.299666507860877     
   69.333015721772270     
   69.366364935683649     
   69.399714149595042     
   69.433063363506420     
   69.466412577417813     
   69.499761791329192     
   69.533111005240585     
   69.566460219151978     
   69.599809433063356     
   69.633158646974749     
   69.666507860886128     
   69.699857074797521     
   69.733206288708899     
   69.766555502620292     
   69.799904716531671     
   69.833253930443064     
   69.866603144354443     
   69.899952358265836     
   69.933301572177228     
   69.966650786088607     
   70.000000000000000     
   70.033349213911379     
   70.066698427822772     
   70.100047641734150     
   70.133396855645543     
