  -8.4073859734053891E-003
  -5.6035558899957824E-003
  -2.8013675654096032E-003
   0.0000000000000000     
   2.8013675654096032E-003
   5.6035558899957824E-003
   8.4073859734053891E-003
   1.1213679296296276E-002
   1.4023258061018956E-002
   1.6836945432509704E-002
   1.9655565779465683E-002
   2.2479944915872754E-002
   2.5310910342956724E-002
   2.8149291491628970E-002
   3.0995919965497370E-002
   3.3851629784513844E-002
   3.6717257629329862E-002
   3.9593643086431443E-002
   4.2481628894125545E-002
   4.5382061189449950E-002
   4.8295789756078816E-002
   5.1223668273296739E-002
   5.4166554566114099E-002
   5.7125310856597132E-002
   6.0100804016486105E-002
   6.3093905821176036E-002
   6.6105493205133828E-002
   6.9136448518827151E-002
   7.2187659787240024E-002
   7.5260020970050967E-002
   7.8354432223550000E-002
   8.1471800164370944E-002
   8.4613038135116850E-002
   8.7779066471955755E-002
   9.0970812774265428E-002
   9.4189212176406453E-002
   9.7435207621702560E-002
  0.10070975013870916     
  0.10401379911985052     
  0.10734832260250764     
  0.11071429755263877     
  0.11411271015101591     
  0.11754455608216129     
  0.12101084082606811     
  0.12451257995279121     
  0.12805079941999425     
  0.13162653587353984     
  0.13524083695121156     
  0.13889476158965633     
  0.14258938033463708     
  0.14632577565468680     
  0.15010504225825574     
  0.15392828741444489     
  0.15779663127741930     
  0.16171120721459675     
  0.16567316213870739     
  0.16968365684382247     
  0.17374386634544950     
  0.17785498022479471     
  0.18201820297729235     
  0.18623475436550438     
  0.19050586977649234     
  0.19483280058376803     
  0.19921681451392695     
  0.20365919601807347     
  0.20816124664814631     
  0.21272428543825342     
  0.21734964929112990     
  0.22203869336983043     
  0.22679279149477205     
  0.23161333654624314     
  0.23650174087249673     
  0.24145943670354755     
  0.24648787657079438     
  0.25158853373258988     
  0.25676290260588380     
  0.26201249920406477     
  0.26733886158113002     
  0.27274355028231195     
  0.27822814880129526     
  0.28379426404415659     
  0.28944352680016483     
  0.29517759221957773     
  0.30099814029857636     
  0.30690687637147951     
  0.31290553161038098     
  0.31899586353235754     
  0.32517965651439523     
  0.33145872231618567     
  0.33783490061094440     
  0.34431005952440819     
  0.35088609618216787     
  0.35756493726549848     
  0.36434853957584773     
  0.37123889060815046     
  0.37823800913313471     
  0.38534794578879167     
  0.39257078368118270     
  0.39990863899475776     
  0.40736366161236687     
  0.41493803574514326     
  0.42263398057244528     
  0.43045375089204319     
  0.43839963778074059     
  0.44647396926562727     
  0.45467911100615560     
  0.46301746698724416     
  0.47149148022360965     
  0.48010363347553375     
  0.48885644997627548     
  0.49775249417134099     
  0.50679437246982773     
  0.51598473400806444     
  0.52532627142576793     
  0.53482172165494724     
  0.54447386672178422     
  0.55428553456172514     
  0.56425959984802521     
  0.57439898483398377     
  0.58470666020912232     
  0.59518564596955204     
  0.60583901230278758     
  0.61666988048726745     
  0.62768142380684133     
  0.63887686848049574     
  0.65025949460758847     
  0.66183263712886864     
  0.67359968680356508     
  0.68556409120282902     
  0.69772935571982042     
  0.71009904459673701     
  0.72267678196908403     
  0.73546625292749246     
  0.74847120459739580     
  0.76169544723688187     
  0.77514285535304284     
  0.78881736883714793     
  0.80272299411897319     
  0.81686380534062553     
  0.83124394555020709     
  0.84586762791566572     
  0.86073913695919158     
  0.87586282981251851     
  0.89124313749349893     
  0.90688456620432578     
  0.92279169865178445     
  0.93896919538991641     
  0.95542179618549350     
  0.97215432140669922     
  0.98917167343542356     
   1.0064788381035914     
   1.0240808861539343     
   1.0419829747256451     
   1.0601903488653412     
   1.0787083430637880     
   1.0975423828188235     
   1.1166979862249500     
   1.1361807655900529     
   1.1559964290797253     
   1.1761507823896744     
   1.1966497304467048     
   1.2174992791387749     
   1.2387055370746325     
   1.2602747173735476     
   1.2822131394856628     
   1.3045272310434999     
   1.3272235297451596     
   1.3503086852697719     
   1.3737894612257520     
   1.3976727371324376     
   1.4219655104356861     
   1.4466748985580244     
   1.4718081409839450     
   1.4973726013809703     
   1.5233757697570958     
   1.5498252646552528     
   1.5767288353854294     
   1.6040943642951027     
   1.6319298690786479     
   1.6602435051264068     
   1.6890435679140945     
   1.7183384954332517     
   1.7481368706634504     
   1.7784474240869812     
   1.8092790362467526     
   1.8406407403481611     
   1.8725417249056857     
   1.9049913364349849     
   1.9379990821912896     
   1.9715746329548869     
   2.0057278258645148     
   2.0404686672994994     
   2.0758073358114735     
   2.1117541851065442     
   2.1483197470787747     
   2.1855147348835176     
   2.2233500456066282     
   2.2618367554077738     
   2.3009860408501157     
   2.3408086344937429     
   2.3813123201524173     
   2.4224940251335032     
   2.4643232263531560     
   2.5067217397632127     
   2.5495589237395362     
   2.5926789057463862     
   2.6359460864443012     
   2.6792736246227680     
   2.7226203086730987     
   2.7659716103247249     
   2.8093237402121556     
   2.8526759769148562     
   2.8960282229703567     
   2.9393804695234720     
   2.9827327160887296     
   3.0260849626539859     
   3.0694372092192435     
   3.1127894557845006     
   3.1561417023497582     
   3.1994939489150149     
   3.2428461954802721     
   3.2861984420455292     
   3.3295506886107860     
   3.3729029351760431     
   3.4162551817413007     
   3.4596074283065579     
   3.5029596748718155     
   3.5463119214370722     
   3.5896641680023293     
   3.6330164145675869     
   3.6763686611328432     
   3.7197209076981004     
   3.7630731542633580     
   3.8064254008286151     
   3.8497776473938727     
   3.8931298939591295     
   3.9364821405243866     
   3.9798343870896438     
   4.0231866336549009     
   4.0665388802201576     
   4.1098911267854152     
   4.1532433733506728     
   4.1965956199159304     
   4.2399478664811880     
   4.2833001130464456     
   4.3266523596117032     
   4.3700046061769608     
   4.4133568527422185     
   4.4567090993074761     
   4.5000613458727337     
   4.5434135924379913     
   4.5867658390032489     
   4.6301180855685065     
   4.6734703321337641     
   4.7168225786990217     
   4.7601748252642793     
   4.8035270718295369     
   4.8468793183947945     
   4.8902315649600521     
   4.9335838115253097     
   4.9769360580905673     
   5.0202883046558249     
   5.0636405512210825     
   5.1069927977863401     
   5.1503450443515977     
   5.1936972909168553     
   5.2370495374821129     
   5.2804017840473705     
   5.3237540306126281     
   5.3671062771778857     
   5.4104585237431424     
   5.4538107703084009     
   5.4971630168736594     
   5.5405152634389161     
   5.5838675100041728     
   5.6272197565694313     
   5.6705720031346898     
   5.7139242496999465     
   5.7572764962652032     
   5.8006287428304617     
   5.8439809893957202     
   5.8873332359609769     
   5.9306854825262336     
   5.9740377290914921     
   6.0173899756567506     
   6.0607422222220073     
   6.1040944687872640     
   6.1474467153525225     
   6.1907989619177810     
   6.2341512084830377     
   6.2775034550482944     
   6.3208557016135529     
   6.3642079481788114     
   6.4075601947440681     
   6.4509124413093266     
   6.4942646878745833     
   6.5376169344398418     
   6.5809691810050985     
   6.6243214275703552     
   6.6676736741356137     
   6.7110259207008722     
   6.7543781672661289     
   6.7977304138313874     
   6.8410826603966441     
   6.8844349069619026     
   6.9277871535271593     
   6.9711394000924161     
   7.0144916466576746     
   7.0578438932229330     
   7.1011961397881898     
   7.1445483863534482     
   7.1879006329187050     
   7.2312528794839634     
   7.2746051260492202     
   7.3179573726144769     
   7.3613096191797354     
   7.4046618657449939     
   7.4480141123102506     
   7.4913663588755091     
   7.5347186054407658     
   7.5780708520060243     
   7.6214230985712810     
   7.6647753451365377     
   7.7081275917017962     
   7.7514798382670547     
   7.7948320848323114     
   7.8381843313975699     
   7.8815365779628266     
   7.9248888245280851     
   7.9682410710933418     
   8.0115933176585994     
   8.0549455642238570     
   8.0982978107891146     
   8.1416500573543722     
   8.1850023039196298     
   8.2283545504848874     
   8.2717067970501450     
   8.3150590436154026     
   8.3584112901806602     
   8.4017635367459178     
   8.4451157833111754     
   8.4884680298764330     
   8.5318202764416906     
   8.5751725230069482     
   8.6185247695722058     
   8.6618770161374634     
   8.7052292627027210     
   8.7485815092679786     
   8.7919337558332362     
   8.8352860023984938     
   8.8786382489637514     
   8.9219904955290090     
   8.9653427420942666     
   9.0086949886595242     
   9.0520472352247818     
   9.0953994817900394     
   9.1387517283552970     
   9.1821039749205546     
   9.2254562214858122     
   9.2688084680510698     
   9.3121607146163274     
   9.3555129611815850     
   9.3988652077468426     
   9.4422174543121002     
   9.4855697008773578     
   9.5289219474426154     
   9.5722741940078730     
   9.6156264405731307     
   9.6589786871383883     
   9.7023309337036459     
   9.7456831802689035     
   9.7890354268341611     
   9.8323876733994187     
   9.8757399199646763     
   9.9190921665299339     
   9.9624444130951915     
   10.005796659660449     
   10.049148906225707     
   10.092501152790964     
   10.135853399356222     
   10.179205645921479     
   10.222557892486737     
   10.265910139051995     
   10.309262385617252     
   10.352614632182510     
   10.395966878747767     
   10.439319125313025     
   10.482671371878283     
   10.526023618443540     
   10.569375865008798     
   10.612728111574055     
   10.656080358139313     
   10.699432604704571     
   10.742784851269827     
   10.786137097835086     
   10.829489344400343     
   10.872841590965601     
   10.916193837530857     
   10.959546084096118     
   11.002898330661374     
   11.046250577226632     
   11.089602823791887     
   11.132955070357147     
   11.176307316922404     
   11.219659563487662     
   11.263011810052918     
   11.306364056618179     
   11.349716303183435     
   11.393068549748692     
   11.436420796313948     
   11.479773042879208     
   11.523125289444465     
   11.566477536009723     
   11.609829782574979     
   11.653182029140240     
   11.696534275705496     
   11.739886522270753     
   11.783238768836009     
   11.826591015401268     
   11.869943261966526     
   11.913295508531784     
   11.956647755097039     
   12.000000001662301     
   12.043352248227556     
   12.086704494792814     
   12.130056741358072     
